15:53:31 N 2 -44 -41 0 -45 -52 -56 -42 -43 -36 -41 -49 -56 -50 -41 -47 -45 -35 -37 -48 -41
15:53:31 N 3 -47 -45 -45 0 -43 -48 -45 -48 -46 -46 -63 -40 -45 -49 -45 -45 -36 -36 -46 -46
15:53:31 N 4 -54 -51 -50 -43 0 -37 -49 -38 -52 -54 -52 -45 -61 -54 -42 -43 -36 -39 -51 -42
15:53:31 N 5 -51 -54 -59 -48 -36 0 -54 -46 -81 -61 -42 -56 -45 -48 -46 -52 -48 -51 -52 -57
15:53:31 N 6 -49 -36 -44 -45 -49 -54 0 -39 -29 -54 -53 -59 -52 -49 -59 -56 -42 -46 -50 -46
15:53:31 N 7 -54 -44 -47 -46 -38 -45 -42 0 -51 -48 -39 -53 -51 -39 -54 -60 -45 -50 -52 -27
15:53:31 N 8 -44 -40 -38 -45 -52 -70 -31 -57 0 -42 -50 -45 -49 -57 -42 -54 -57 -49 -56 -45
15:53:31 N 9 -65 -42 -42 -45 -54 -60 -54 -48 -42 0 -42 -36 -42 -45 -57 -70 -48 -54 -36 -42
15:53:31 N 10 -54 -40 -59 -62 -50 -42 -58 -40 -50 -42 0 -39 -25 -40 -51 -41 -42 -37 -42 -39
15:53:31 N 11 -51 -50 -59 -40 -45 -57 -75 -55 -47 -37 -40 0 -43 -38 -58 -57 -55 -51 -47 -41
15:53:31 N 12 -53 -43 -51 -45 -57 -45 -49 -46 -48 -42 -24 -43 0 -40 -45 -48 -40 -40 -54 -42
15:53:31 N 13 -50 -41 -41 -47 -52 -47 -48 -39 -52 -46 -39 -36 -40 0 -50 -44 -67 -69 -50 -39
15:53:31 N 14 -53 -49 -50 -44 -42 -47 -55 -57 -43 -60 -52 -56 -48 -50 0 -40 -43 -55 -48 -50
15:53:31 N 15 -47 -51 -46 -43 -42 -51 -56 -54 -57 -66 -41 -56 -50 -44 -39 0 -45 -51 -55 -50
15:53:31 N 16 -38 -44 -35 -35 -35 -46 -43 -44 -51 -47 -41 -57 -41 -55 -45 -49 0 -33 -60 -44
15:53:31 N 17 -43 -36 -36 -35 -39 -51 -49 -54 -45 -50 -36 -53 -42 -64 -54 -49 -32 0 -62 -42
15:53:31 N 18 -60 -51 -49 -46 -51 -52 -50 -52 -55 -36 -42 -46 -53 -50 -47 -54 -68 -60 0 -54
15:53:31 N 19 -53 -53 -43 -45 -41 -54 -48 -27 -45 -42 -39 -41 -45 -40 -49 -50 -45 -44 -52 0
15:53:31 N 0 0 -46 -45 -46 -52 -50 -48 -48 -45 -60 -60 -51 -54 -51 -54 -48 -37 -43 -60 -52
15:53:31 N 1 -46 0 -42 -45 -50 -57 -36 -44 -40 -42 -40 -51 -44 -41 -48 -51 -43 -36 -51 -51
15:53:31 N 2 -48 -39 0 -44 -48 -57 -42 -47 -36 -42 -59 -55 -46 -41 -50 -44 -33 -36 -47 -43
15:53:32 N 3 -46 -45 -45 0 -43 -48 -45 -46 -45 -45 -65 -41 -45 -49 -45 -45 -35 -36 -46 -45
15:53:32 N 4 -53 -48 -52 -42 0 -37 -50 -38 -56 -54 -51 -45 -66 -54 -42 -44 -36 -39 -51 -41
15:53:32 N 5 -50 -53 -62 -48 -37 0 -55 -45 -71 -60 -42 -57 -45 -48 -47 -52 -48 -51 -53 -57
15:53:32 N 6 -46 -35 -41 -45 -49 -53 0 -42 -30 -53 -59 -68 -51 -50 -54 -52 -42 -49 -50 -49
15:53:32 N 7 -48 -44 -48 -47 -37 -47 -42 0 -57 -48 -41 -55 -47 -40 -58 -55 -44 -54 -51 -27
15:53:32 N 8 -46 -40 -39 -46 -52 -71 -31 -52 0 -43 -52 -48 -49 -56 -45 -64 -51 -46 -54 -44
15:53:32 N 9 -57 -42 -44 -44 -54 -60 -54 -48 -43 0 -42 -36 -41 -47 -58 -68 -47 -50 -36 -42
15:53:32 N 10 -56 -39 -60 -63 -51 -42 -58 -40 -60 -42 0 -39 -24 -40 -51 -42 -41 -36 -42 -39
15:53:32 N 11 -52 -51 -54 -41 -45 -56 -68 -57 -47 -37 -40 0 -43 -37 -56 -57 -56 -54 -46 -41
15:53:32 N 12 -54 -43 -47 -45 -62 -45 -50 -48 -48 -41 -24 -43 0 -40 -47 -49 -41 -42 -53 -44
15:53:32 N 13 -50 -40 -41 -47 -53 -47 -50 -39 -55 -47 -39 -36 -40 0 -48 -44 -53 -63 -48 -39
15:53:32 N 14 -54 -49 -50 -44 -42 -47 -56 -59 -45 -60 -55 -58 -50 -50 0 -40 -45 -55 -47 -49
15:53:32 N 15 -47 -51 -45 -43 -43 -51 -52 -54 -56 -69 -41 -55 -48 -45 -38 0 -48 -48 -54 -49
15:53:32 N 16 -37 -44 -35 -35 -35 -50 -42 -44 -50 -47 -41 -58 -41 -55 -44 -47 0 -32 -70 -44
15:53:32 N 17 -42 -36 -36 -36 -38 -50 -48 -54 -45 -50 -36 -51 -42 -65 -54 -48 -33 0 -60 -43
15:53:32 N 18 -60 -51 -48 -46 -51 -53 -51 -51 -52 -37 -42 -46 -53 -50 -47 -55 -66 -60 0 -52
15:53:32 N 19 -52 -52 -44 -45 -41 -57 -50 -27 -44 -42 -39 -42 -44 -40 -50 -49 -44 -43 -51 0
15:53:32 N 0 0 -45 -48 -45 -51 -50 -47 -48 -45 -57 -57 -52 -53 -51 -54 -48 -38 -43 -60 -53
15:53:32 N 1 -45 0 -41 -45 -48 -53 -36 -45 -40 -42 -39 -52 -43 -41 -48 -51 -44 -36 -50 -51
15:53:32 N 2 -47 -40 0 -43 -51 -60 -41 -46 -37 -43 -56 -53 -47 -41 -50 -45 -34 -36 -47 -43
15:53:32 N 3 -46 -44 -45 0 -42 -48 -45 -47 -45 -45 -66 -41 -45 -48 -44 -45 -36 -36 -47 -45
15:53:32 N 4 -51 -50 -52 -42 0 -37 -50 -38 -53 -54 -51 -45 -63 -54 -42 -44 -36 -39 -51 -42
15:53:32 N 5 -49 -51 -59 -48 -37 0 -54 -47 -70 -60 -42 -56 -45 -48 -46 -52 -49 -50 -53 -56
15:53:32 N 6 -45 -36 -42 -45 -49 -53 0 -41 -30 -54 -57 -69 -50 -50 -55 -52 -42 -48 -49 -48
15:53:32 N 7 -48 -44 -47 -47 -37 -46 -42 0 -51 -48 -41 -56 -48 -40 -59 -54 -43 -55 -52 -27
15:53:32 N 8 -46 -40 -39 -46 -51 -66 -31 -52 0 -44 -61 -48 -50 -57 -45 -62 -52 -46 -53 -44
15:53:32 N 9 -57 -42 -43 -45 -54 -60 -54 -48 -43 0 -42 -37 -42 -48 -60 -70 -46 -51 -36 -42
15:53:32 N 10 -58 -39 -58 -63 -49 -42 -58 -40 -58 -41 0 -39 -25 -40 -54 -42 -42 -36 -42 -39
15:53:33 N 11 -52 -51 -55 -40 -45 -56 -69 -56 -48 -37 -40 0 -43 -38 -57 -56 -60 -52 -46 -42
15:53:33 N 12 -54 -42 -48 -45 -63 -45 -51 -49 -47 -42 -24 -42 0 -41 -50 -48 -40 -44 -54 -43
15:53:33 N 13 -51 -40 -41 -48 -53 -47 -51 -39 -57 -46 -39 -36 -41 0 -48 -44 -53 -65 -48 -39
15:53:33 N 14 -54 -49 -51 -43 -42 -47 -57 -59 -44 -58 -54 -57 -52 -50 0 -40 -46 -56 -48 -50
15:53:33 N 15 -47 -51 -46 -43 -42 -51 -53 -53 -66 -68 -41 -55 -46 -45 -38 0 -46 -48 -54 -48
15:53:33 N 16 -38 -44 -35 -35 -35 -50 -42 -44 -52 -47 -43 -60 -41 -54 -45 -47 0 -32 -65 -44
15:53:33 N 17 -42 -35 -37 -35 -38 -50 -48 -54 -47 -51 -36 -51 -44 -66 -57 -48 -33 0 -59 -42
15:53:33 N 18 -60 -50 -49 -46 -51 -54 -50 -52 -53 -36 -42 -46 -54 -50 -47 -54 -69 -57 0 -51
15:53:33 N 19 -53 -51 -45 -45 -41 -56 -49 -27 -44 -42 -39 -42 -44 -40 -50 -49 -44 -43 -51 0
15:53:33 N 0 0 -45 -47 -45 -51 -48 -47 -48 -45 -57 -58 -52 -54 -51 -53 -48 -38 -43 -59 -52
15:53:33 N 1 -45 0 -42 -44 -49 -52 -36 -44 -40 -42 -40 -51 -43 -42 -48 -51 -44 -36 -50 -50
15:53:33 N 2 -47 -40 0 -44 -50 -58 -41 -46 -37 -42 -56 -54 -47 -41 -50 -45 -34 -36 -47 -43
15:53:33 N 3 -46 -44 -45 0 -42 -48 -45 -48 -45 -45 -64 -41 -45 -48 -44 -45 -35 -36 -46 -45
15:53:33 N 4 -51 -49 -51 -42 0 -37 -50 -38 -51 -54 -50 -45 -65 -54 -42 -44 -36 -39 -51 -42
15:53:33 N 5 -49 -53 -58 -47 -36 0 -53 -46 -65 -60 -42 -57 -45 -48 -47 -52 -49 -50 -54 -55
15:53:33 N 6 -45 -36 -42 -44 -50 -53 0 -41 -30 -53 -58 -70 -51 -51 -56 -53 -42 -48 -49 -48
15:53:33 N 7 -48 -44 -48 -47 -37 -46 -42 0 -51 -48 -41 -56 -49 -40 -59 -54 -44 -54 -52 -27
15:53:33 N 8 -46 -40 -39 -46 -55 -65 -31 -57 0 -44 -59 -48 -47 -58 -44 -66 -52 -47 -53 -45
15:53:33 N 9 -57 -41 -43 -45 -54 -60 -54 -48 -43 0 -42 -36 -42 -47 -58 -69 -46 -51 -36 -42
15:53:33 N 10 -57 -39 -57 -62 -50 -42 -60 -41 -54 -42 0 -39 -24 -40 -53 -42 -42 -36 -42 -39
15:53:33 N 11 -52 -51 -56 -40 -45 -57 -75 -56 -47 -37 -40 0 -43 -38 -56 -57 -59 -52 -46 -42
15:53:33 N 12 -53 -42 -47 -45 -69 -45 -51 -48 -48 -42 -24 -42 0 -41 -51 -47 -40 -43 -54 -43
15:53:33 N 13 -51 -41 -41 -47 -53 -47 -49 -39 -55 -46 -39 -36 -40 0 -48 -45 -54 -66 -48 -39
15:53:33 N 14 -54 -49 -51 -44 -42 -47 -57 -59 -45 -60 -54 -57 -50 -50 0 -39 -46 -58 -48 -51
15:53:33 N 15 -47 -51 -45 -44 -42 -51 -53 -52 -59 -68 -41 -54 -48 -45 -39 0 -45 -48 -53 -48
15:53:33 N 16 -38 -43 -35 -35 -35 -50 -43 -44 -50 -47 -41 -59 -42 -55 -45 -46 0 -32 -70 -44
15:53:33 N 17 -42 -36 -37 -35 -38 -50 -48 -55 -45 -51 -36 -51 -42 -66 -58 -49 -32 0 -57 -43
15:53:33 N 18 -59 -51 -49 -46 -50 -53 -50 -52 -53 -37 -42 -46 -53 -49 -47 -54 -68 -59 0 -51
15:53:33 N 19 -53 -50 -45 -45 -41 -55 -48 -27 -44 -42 -39 -42 -44 -40 -51 -49 -44 -43 -51 0
15:53:34 N 0 0 -45 -48 -45 -51 -49 -46 -48 -46 -58 -56 -51 -52 -51 -54 -47 -38 -43 -59 -51
15:53:34 N 1 -45 0 -42 -44 -49 -54 -36 -44 -40 -42 -40 -50 -43 -41 -48 -51 -42 -36 -51 -50
15:53:34 N 2 -48 -40 0 -43 -50 -57 -41 -47 -37 -42 -55 -55 -46 -41 -49 -45 -33 -36 -47 -43
15:53:34 N 3 -46 -44 -45 0 -42 -48 -45 -47 -45 -45 -60 -41 -45 -48 -44 -45 -36 -36 -46 -45
15:53:34 N 4 -52 -49 -51 -42 0 -37 -51 -38 -57 -54 -51 -45 -68 -54 -42 -44 -36 -39 -51 -42
15:53:34 N 5 -50 -55 -57 -47 -36 0 -54 -46 -65 -60 -42 -57 -45 -48 -47 -52 -49 -50 -53 -54
15:53:34 N 6 -45 -36 -42 -44 -50 -53 0 -41 -30 -53 -59 -74 -50 -49 -56 -53 -42 -48 -49 -48
15:53:34 N 7 -48 -44 -48 -47 -37 -46 -42 0 -56 -48 -41 -55 -48 -40 -58 -53 -44 -55 -51 -27
15:53:34 N 8 -46 -40 -39 -45 -58 -66 -31 -58 0 -43 -55 -47 -49 -56 -44 -59 -50 -46 -53 -45
15:53:34 N 9 -59 -41 -43 -44 -54 -60 -54 -47 -43 0 -41 -36 -41 -47 -60 -69 -46 -51 -36 -42
15:53:34 N 10 -57 -39 -56 -59 -51 -42 -59 -40 -51 -42 0 -39 -24 -40 -53 -41 -41 -36 -42 -39
15:53:34 N 11 -51 -50 -57 -40 -45 -57 -74 -55 -46 -37 -40 0 -43 -38 -56 -56 -58 -52 -46 -42
15:53:34 N 12 -52 -42 -47 -44 -65 -45 -50 -47 -48 -42 -24 -43 0 -40 -49 -49 -42 -42 -52 -43
15:53:34 N 13 -51 -40 -41 -47 -53 -47 -49 -39 -54 -46 -39 -36 -40 0 -48 -44 -54 -66 -48 -39
15:53:34 N 14 -54 -49 -51 -44 -42 -47 -57 -58 -44 -60 -55 -56 -49 -50 0 -40 -45 -58 -48 -51
15:53:34 N 15 -47 -51 -45 -44 -42 -51 -53 -51 -56 -68 -41 -54 -49 -45 -38 0 -45 -49 -54 -48
15:53:34 N 16 -38 -42 -35 -35 -35 -50 -43 -44 -50 -46 -41 -58 -42 -55 -44 -46 0 -32 -68 -44
15:53:34 N 17 -42 -35 -37 -35 -39 -50 -48 -56 -45 -51 -36 -52 -42 -69 -57 -50 -32 0 -59 -42
15:53:34 N 18 -59 -51 -49 -46 -50 -53 -50 -51 -53 -36 -42 -46 -53 -50 -47 -54 -67 -59 0 -51
15:53:34 N 19 -51 -50 -45 -45 -41 -54 -48 -27 -45 -42 -39 -42 -43 -40 -51 -49 -45 -43 -51 0
15:53:34 N 0 0 -45 -49 -45 -51 -50 -46 -48 -46 -59 -57 -51 -51 -51 -54 -47 -38 -43 -59 -51
15:53:34 N 1 -45 0 -41 -43 -48 -55 -36 -44 -40 -42 -40 -50 -43 -42 -48 -52 -42 -36 -51 -49
15:53:34 N 2 -48 -40 0 -43 -49 -56 -41 -47 -38 -42 -55 -56 -45 -41 -49 -44 -34 -36 -47 -43
15:53:34 N 3 -46 -44 -44 0 -42 -48 -45 -47 -45 -45 -59 -41 -45 -48 -44 -45 -35 -36 -46 -45
15:53:34 N 4 -52 -48 -50 -42 0 -37 -51 -38 -58 -54 -51 -45 -65 -54 -42 -44 -36 -39 -50 -42
15:53:34 N 5 -50 -57 -57 -47 -36 0 -54 -46 -66 -60 -42 -57 -45 -48 -47 -53 -48 -51 -53 -54
15:53:34 N 6 -45 -36 -41 -44 -50 -54 0 -41 -30 -53 -58 -73 -49 -49 -56 -54 -42 -48 -49 -48
15:53:34 N 7 -48 -43 -48 -47 -37 -46 -42 0 -57 -48 -41 -55 -47 -40 -57 -51 -44 -56 -51 -27
15:53:35 N 8 -46 -40 -39 -45 -57 -69 -31 -58 0 -43 -51 -46 -49 -56 -44 -55 -51 -46 -54 -46
15:53:35 N 9 -60 -41 -43 -44 -54 -61 -53 -48 -43 0 -41 -36 -42 -46 -60 -68 -46 -51 -36 -42
15:53:35 N 10 -56 -39 -56 -58 -51 -42 -58 -41 -49 -42 0 -39 -24 -40 -55 -41 -41 -37 -42 -39
15:53:35 N 11 -51 -50 -57 -40 -45 -57 -72 -55 -46 -37 -40 0 -43 -37 -56 -56 -58 -52 -46 -42
15:53:35 N 12 -51 -42 -46 -44 -62 -45 -49 -46 -47 -42 -24 -43 0 -41 -48 -50 -42 -41 -52 -43
15:53:35 N 13 -51 -40 -41 -47 -53 -47 -49 -39 -54 -46 -39 -36 -40 0 -48 -45 -54 -69 -48 -39
15:53:35 N 14 -54 -48 -50 -44 -42 -47 -57 -58 -44 -61 -55 -56 -49 -50 0 -40 -45 -58 -48 -51
15:53:35 N 15 -47 -51 -45 -44 -42 -52 -54 -51 -54 -67 -40 -54 -50 -45 -38 0 -45 -49 -54 -48
15:53:35 N 16 -38 -42 -35 -35 -35 -49 -43 -44 -50 -46 -41 -58 -42 -55 -44 -46 0 -32 -67 -44
15:53:35 N 17 -42 -35 -37 -35 -38 -51 -48 -56 -45 -51 -36 -51 -41 -70 -57 -50 -32 0 -59 -42
15:53:35 N 18 -59 -51 -49 -46 -50 -53 -51 -51 -54 -36 -42 -46 -52 -49 -48 -54 -66 -58 0 -51
15:53:35 N 19 -51 -49 -44 -45 -41 -54 -48 -27 -45 -42 -39 -42 -43 -40 -51 -49 -45 -43 -51 0
15:53:35 N 0 0 -45 -49 -45 -51 -50 -46 -48 -46 -60 -57 -51 -51 -51 -54 -48 -39 -43 -59 -51
15:53:35 N 1 -45 0 -41 -43 -48 -57 -36 -44 -40 -42 -40 -50 -43 -42 -48 -52 -42 -36 -51 -49
15:53:35 N 2 -48 -40 0 -43 -48 -55 -41 -47 -37 -42 -54 -56 -45 -41 -49 -44 -34 -36 -47 -43
15:53:35 N 3 -46 -44 -45 0 -42 -48 -45 -47 -45 -45 -59 -41 -45 -48 -44 -45 -36 -36 -46 -45
15:53:35 N 4 -52 -48 -50 -42 0 -37 -51 -38 -57 -54 -51 -45 -62 -54 -42 -44 -36 -39 -50 -42
15:53:35 N 5 -50 -57 -56 -47 -36 0 -54 -46 -68 -61 -42 -56 -45 -48 -47 -53 -49 -51 -53 -54
15:53:35 N 6 -45 -35 -41 -44 -50 -54 0 -41 -30 -53 -57 -71 -49 -49 -56 -54 -42 -48 -49 -48
15:53:35 N 7 -48 -43 -48 -47 -37 -47 -42 0 -57 -48 -41 -54 -46 -40 -57 -51 -44 -56 -51 -27
15:53:35 N 8 -46 -40 -39 -45 -57 -68 -31 -58 0 -43 -50 -46 -49 -55 -44 -55 -51 -46 -54 -46
15:53:35 N 9 -60 -41 -43 -44 -53 -61 -53 -48 -43 0 -41 -36 -42 -46 -60 -68 -45 -51 -36 -42
15:53:35 N 10 -57 -39 -55 -58 -51 -42 -58 -41 -49 -42 0 -39 -24 -40 -55 -41 -41 -36 -42 -39
15:53:35 N 11 -51 -50 -57 -40 -45 -57 -72 -54 -46 -37 -40 0 -44 -37 -56 -56 -58 -52 -46 -42
15:53:35 N 12 -51 -42 -46 -44 -62 -45 -50 -46 -48 -42 -24 -43 0 -41 -48 -50 -41 -41 -52 -43
15:53:35 N 13 -51 -40 -41 -47 -53 -47 -49 -39 -54 -46 -39 -36 -40 0 -48 -45 -54 -70 -48 -39
15:53:35 N 14 -55 -49 -50 -44 -42 -47 -57 -58 -44 -61 -55 -57 -49 -50 0 -40 -45 -58 -48 -51
15:53:35 N 15 -47 -51 -45 -44 -42 -52 -54 -50 -54 -67 -40 -54 -49 -45 -38 0 -45 -50 -54 -48
15:53:35 N 16 -38 -42 -35 -35 -35 -49 -43 -44 -50 -46 -41 -59 -42 -56 -44 -46 0 -32 -67 -44
15:53:36 N 17 -43 -35 -37 -35 -39 -51 -48 -57 -45 -51 -36 -52 -41 -71 -57 -50 -32 0 -58 -42
15:53:36 N 18 -60 -51 -49 -46 -50 -53 -50 -51 -53 -36 -42 -46 -53 -49 -48 -55 -68 -58 0 -51
15:53:36 N 19 -51 -49 -44 -45 -41 -54 -48 -27 -45 -42 -39 -42 -43 -40 -51 -49 -45 -43 -52 0
15:53:36 N 0 0 -45 -49 -45 -51 -50 -46 -48 -46 -60 -56 -51 -51 -51 -54 -48 -39 -43 -60 -51
15:53:36 N 1 -45 0 -41 -43 -48 -57 -36 -44 -40 -42 -40 -50 -43 -41 -48 -52 -42 -36 -50 -49
15:53:36 N 2 -49 -40 0 -43 -49 -56 -41 -47 -37 -42 -54 -56 -45 -40 -49 -45 -34 -36 -48 -43
15:53:36 N 3 -46 -44 -45 0 -42 -48 -45 -47 -45 -45 -59 -41 -45 -48 -44 -45 -36 -36 -46 -45
15:53:36 N 4 -52 -49 -51 -42 0 -37 -51 -38 -57 -54 -51 -45 -63 -54 -42 -44 -36 -39 -51 -42
15:53:36 N 5 -50 -56 -57 -48 -36 0 -54 -46 -67 -60 -42 -57 -45 -48 -47 -53 -49 -51 -53 -54
15:53:36 N 6 -45 -35 -42 -44 -50 -54 0 -41 -30 -52 -57 -70 -49 -49 -55 -54 -42 -48 -49 -48
15:53:36 N 7 -48 -43 -48 -47 -37 -47 -42 0 -57 -48 -41 -54 -47 -40 -57 -51 -44 -57 -51 -27
15:53:36 N 8 -46 -40 -40 -45 -58 -67 -31 -58 0 -43 -50 -47 -49 -56 -44 -55 -50 -46 -54 -45
15:53:36 N 9 -60 -42 -43 -44 -53 -61 -53 -48 -43 0 -41 -36 -42 -47 -60 -69 -45 -51 -36 -42
15:53:36 N 10 -56 -39 -56 -60 -51 -42 -59 -41 -50 -42 0 -39 -24 -40 -54 -41 -40 -36 -42 -38
15:53:36 N 11 -51 -50 -57 -41 -45 -57 -70 -55 -47 -37 -40 0 -44 -37 -56 -55 -59 -53 -46 -42
15:53:36 N 12 -51 -42 -46 -44 -63 -45 -50 -46 -48 -42 -24 -42 0 -40 -48 -50 -42 -42 -52 -43
15:53:36 N 13 -51 -40 -41 -47 -53 -47 -49 -39 -55 -46 -39 -36 -40 0 -48 -45 -54 -70 -48 -39
15:53:36 N 14 -54 -48 -51 -44 -42 -47 -56 -58 -44 -61 -55 -57 -50 -50 0 -40 -45 -57 -48 -51
15:53:36 N 15 -47 -51 -45 -44 -42 -52 -53 -51 -55 -69 -41 -54 -49 -45 -39 0 -45 -50 -54 -48
15:53:36 N 16 -38 -42 -35 -35 -35 -49 -43 -44 -50 -46 -41 -59 -42 -55 -44 -46 0 -32 -68 -44
15:53:36 N 17 -42 -35 -37 -36 -38 -50 -48 -57 -45 -50 -36 -52 -42 -69 -57 -50 -32 0 -58 -42
15:53:36 N 18 -60 -50 -49 -46 -51 -53 -51 -52 -53 -37 -42 -46 -53 -49 -47 -55 -69 -59 0 -52
15:53:36 N 19 -51 -49 -45 -45 -41 -54 -48 -27 -45 -42 -39 -42 -44 -40 -51 -50 -44 -43 -52 0
15:53:36 N 0 0 -45 -49 -45 -51 -50 -46 -47 -45 -60 -56 -51 -51 -51 -54 -47 -39 -43 -60 -51
15:53:36 N 1 -45 0 -41 -43 -48 -56 -36 -43 -40 -42 -40 -51 -43 -42 -48 -52 -42 -35 -50 -49
15:53:36 N 2 -49 -40 0 -44 -50 -55 -41 -47 -37 -42 -54 -56 -46 -41 -50 -45 -34 -36 -48 -43
15:53:36 N 3 -46 -44 -45 0 -42 -48 -45 -47 -45 -45 -60 -41 -45 -48 -44 -45 -36 -36 -46 -45
15:53:36 N 4 -52 -49 -51 -42 0 -37 -51 -38 -58 -54 -51 -45 -63 -54 -42 -44 -36 -39 -51 -42
15:53:37 N 5 -50 -55 -57 -47 -37 0 -54 -46 -67 -60 -42 -57 -45 -48 -47 -53 -49 -50 -53 -54
15:53:37 N 6 -45 -36 -42 -44 -50 -53 0 -41 -30 -53 -58 -69 -50 -49 -55 -53 -42 -48 -49 -48
15:53:37 N 7 -48 -44 -48 -46 -38 -46 -42 0 -57 -48 -41 -54 -47 -40 -58 -51 -44 -56 -52 -27
15:53:37 N 8 -46 -40 -39 -45 -58 -67 -31 -58 0 -43 -50 -47 -49 -56 -44 -57 -50 -46 -53 -45
15:53:37 N 9 -60 -41 -43 -44 -53 -60 -54 -48 -43 0 -41 -36 -42 -47 -60 -69 -45 -51 -36 -42
15:53:37 N 10 -57 -39 -55 -60 -51 -42 -59 -41 -51 -42 0 -39 -24 -40 -54 -41 -41 -36 -42 -39
15:53:37 N 11 -51 -51 -57 -40 -45 -57 -71 -55 -47 -37 -40 0 -43 -38 -56 -55 -59 -52 -46 -42
15:53:37 N 12 -51 -42 -47 -44 -63 -45 -50 -47 -48 -42 -24 -43 0 -41 -49 -50 -42 -42 -52 -43
15:53:37 N 13 -51 -40 -41 -47 -53 -47 -49 -39 -54 -46 -39 -36 -40 0 -48 -45 -54 -68 -48 -39
15:53:37 N 14 -55 -49 -51 -44 -42 -47 -56 -59 -44 -61 -54 -57 -49 -50 0 -40 -45 -58 -48 -51
15:53:37 N 15 -46 -51 -45 -44 -42 -51 -53 -51 -56 -69 -40 -54 -49 -45 -38 0 -45 -49 -54 -48
15:53:37 N 16 -38 -42 -35 -35 -35 -50 -43 -44 -50 -46 -41 -59 -42 -55 -44 -46 0 -32 -69 -44
15:53:37 N 17 -43 -35 -37 -36 -38 -50 -48 -56 -45 -50 -36 -52 -41 -67 -57 -50 -32 0 -59 -42
15:53:37 N 18 -60 -50 -49 -46 -50 -53 -51 -52 -53 -37 -42 -46 -52 -49 -48 -55 -68 -59 0 -51
15:53:37 N 19 -51 -50 -45 -45 -42 -54 -48 -27 -45 -42 -39 -42 -44 -40 -51 -50 -44 -43 -52 0
15:53:37 N 0 0 -45 -49 -45 -51 -50 -46 -48 -45 -59 -57 -51 -51 -51 -54 -47 -38 -43 -59 -51
15:53:37 N 1 -45 0 -41 -43 -49 -55 -36 -44 -39 -42 -40 -51 -43 -41 -48 -51 -42 -36 -50 -50
15:53:37 N 2 -49 -40 0 -44 -50 -56 -41 -47 -38 -42 -54 -55 -46 -40 -50 -45 -34 -36 -48 -43
15:53:37 N 3 -46 -44 -45 0 -43 -48 -45 -47 -45 -45 -60 -41 -45 -48 -44 -45 -36 -36 -46 -45
15:53:37 N 4 -52 -49 -51 -42 0 -37 -51 -38 -57 -54 -51 -45 -64 -54 -42 -44 -36 -39 -51 -42
15:53:37 N 5 -50 -55 -58 -48 -36 0 -54 -46 -66 -60 -42 -57 -45 -48 -46 -52 -49 -50 -53 -54
15:53:37 N 6 -46 -35 -42 -44 -50 -53 0 -41 -30 -53 -57 -71 -50 -49 -55 -53 -42 -48 -49 -48
15:53:37 N 7 -47 -44 -48 -46 -38 -47 -42 0 -57 -48 -42 -55 -47 -40 -58 -52 -44 -56 -52 -27
15:53:37 N 8 -46 -40 -39 -45 -58 -67 -31 -58 0 -43 -51 -46 -49 -56 -44 -58 -50 -46 -53 -45
15:53:37 N 9 -60 -41 -43 -44 -53 -60 -54 -48 -42 0 -42 -36 -41 -47 -60 -70 -46 -51 -36 -42
15:53:37 N 10 -57 -39 -55 -60 -51 -42 -58 -41 -50 -42 0 -39 -24 -40 -54 -41 -41 -36 -42 -39
15:53:37 N 11 -51 -51 -56 -40 -45 -57 -71 -56 -46 -37 -40 0 -43 -38 -57 -56 -59 -52 -46 -42
15:53:37 N 12 -51 -42 -47 -44 -63 -45 -50 -46 -48 -42 -24 -43 0 -40 -48 -50 -42 -42 -52 -43
15:53:37 N 13 -50 -40 -41 -47 -53 -47 -49 -39 -54 -46 -39 -36 -40 0 -48 -45 -54 -66 -48 -39
15:53:38 N 14 -55 -48 -51 -44 -42 -47 -56 -59 -44 -61 -55 -57 -49 -50 0 -40 -45 -57 -47 -51
15:53:38 N 15 -47 -51 -45 -44 -42 -51 -53 -51 -57 -69 -40 -55 -50 -45 -39 0 -45 -49 -54 -49
15:53:38 N 16 -38 -42 -35 -35 -35 -49 -43 -44 -50 -46 -41 -59 -42 -55 -44 -46 0 -32 -68 -44
15:53:38 N 17 -43 -35 -37 -36 -39 -50 -48 -55 -45 -51 -36 -51 -41 -66 -57 -50 -32 0 -58 -42
15:53:38 N 18 -60 -50 -49 -46 -50 -53 -50 -52 -53 -37 -42 -46 -52 -49 -47 -55 -66 -59 0 -52
15:53:38 N 19 -51 -50 -44 -45 -42 -54 -48 -27 -45 -42 -39 -42 -44 -40 -50 -50 -44 -43 -52 0
15:53:38 N 0 0 -45 -50 -45 -51 -50 -46 -47 -45 -60 -58 -51 -51 -51 -54 -47 -38 -43 -59 -51
15:53:38 N 1 -45 0 -41 -43 -49 -55 -36 -44 -39 -42 -40 -51 -43 -41 -48 -52 -42 -35 -50 -49
15:53:38 N 2 -49 -40 0 -44 -50 -56 -41 -47 -37 -42 -54 -55 -46 -40 -50 -45 -33 -36 -47 -43
15:53:38 N 3 -45 -44 -45 0 -42 -48 -45 -47 -45 -45 -60 -41 -45 -48 -44 -45 -36 -36 -46 -45
15:53:38 N 4 -52 -48 -51 -42 0 -37 -51 -38 -57 -54 -51 -45 -62 -54 -42 -44 -36 -39 -51 -41
15:53:38 N 5 -50 -56 -57 -47 -37 0 -54 -46 -67 -60 -42 -56 -45 -48 -46 -52 -48 -50 -53 -54
15:53:38 N 6 -46 -36 -42 -44 -50 -53 0 -41 -30 -53 -57 -70 -50 -49 -55 -53 -42 -48 -49 -48
15:53:38 N 7 -48 -44 -48 -46 -38 -47 -42 0 -57 -48 -42 -55 -47 -40 -58 -52 -44 -56 -52 -27
15:53:38 N 8 -46 -40 -39 -45 -58 -69 -31 -58 0 -43 -50 -46 -49 -55 -44 -57 -50 -46 -53 -45
15:53:38 N 9 -60 -42 -43 -44 -53 -60 -54 -48 -43 0 -42 -37 -42 -47 -60 -70 -46 -51 -36 -42
15:53:38 N 10 -58 -39 -55 -59 -51 -42 -57 -41 -49 -42 0 -39 -24 -40 -54 -41 -41 -36 -42 -39
15:53:38 N 11 -51 -51 -57 -40 -45 -57 -72 -55 -46 -37 -40 0 -43 -38 -56 -56 -59 -52 -46 -42
15:53:38 N 12 -51 -42 -46 -44 -62 -45 -50 -46 -48 -42 -24 -43 0 -40 -48 -50 -42 -41 -52 -43
15:53:38 N 13 -50 -40 -41 -47 -54 -47 -49 -39 -54 -46 -39 -36 -40 0 -48 -45 -54 -65 -48 -39
15:53:38 N 14 -55 -49 -51 -44 -42 -47 -56 -58 -44 -61 -55 -57 -49 -50 0 -40 -45 -58 -48 -51
15:53:38 N 15 -47 -51 -45 -44 -42 -51 -53 -51 -55 -69 -40 -54 -50 -45 -39 0 -45 -50 -54 -49
15:53:38 N 16 -38 -42 -35 -35 -35 -49 -43 -44 -50 -46 -41 -58 -41 -55 -44 -46 0 -32 -67 -44
15:53:38 N 17 -42 -35 -37 -36 -38 -50 -48 -56 -45 -50 -36 -51 -41 -67 -57 -51 -32 0 -59 -42
15:53:38 N 18 -60 -50 -49 -46 -51 -53 -50 -52 -53 -37 -42 -46 -52 -49 -48 -55 -66 -59 0 -52
15:53:38 N 19 -51 -49 -45 -45 -42 -54 -48 -27 -45 -42 -39 -42 -44 -40 -51 -50 -44 -43 -52 0
15:53:38 N 0 0 -45 -49 -45 -51 -50 -46 -48 -45 -60 -57 -51 -51 -51 -54 -47 -38 -43 -60 -51
15:53:38 N 1 -45 0 -41 -43 -48 -57 -36 -44 -40 -42 -40 -51 -43 -42 -48 -52 -42 -35 -50 -49
15:53:39 N 2 -49 -40 0 -44 -49 -56 -41 -47 -37 -42 -54 -56 -46 -41 -49 -45 -34 -36 -47 -43
15:53:39 N 3 -45 -44 -45 0 -42 -48 -45 -47 -45 -45 -59 -41 -45 -48 -44 -45 -35 -36 -46 -45
15:53:39 N 4 -52 -49 -51 -42 0 -37 -51 -38 -57 -54 -51 -45 -61 -54 -42 -44 -36 -39 -51 -42
15:53:39 N 5 -50 -56 -57 -47 -36 0 -54 -46 -69 -60 -42 -56 -45 -48 -46 -53 -48 -51 -53 -54
15:53:39 N 6 -46 -35 -42 -44 -50 -53 0 -41 -30 -53 -57 -71 -49 -49 -55 -54 -42 -48 -50 -48
15:53:39 N 7 -48 -44 -48 -46 -37 -47 -42 0 -57 -48 -41 -55 -46 -40 -58 -51 -44 -56 -52 -27
15:53:39 N 8 -46 -40 -39 -45 -57 -69 -31 -58 0 -43 -49 -46 -49 -55 -44 -56 -51 -46 -53 -45
15:53:39 N 9 -60 -41 -43 -44 -53 -60 -54 -48 -42 0 -42 -36 -41 -47 -60 -69 -45 -51 -36 -42
15:53:39 N 10 -58 -39 -55 -59 -51 -42 -58 -41 -49 -42 0 -39 -24 -40 -54 -41 -41 -36 -42 -38
15:53:39 N 11 -51 -51 -57 -40 -45 -57 -72 -55 -47 -37 -40 0 -43 -38 -57 -56 -58 -52 -46 -42
15:53:39 N 12 -51 -42 -47 -44 -61 -45 -50 -46 -48 -41 -24 -43 0 -41 -48 -50 -42 -41 -52 -43
15:53:39 N 13 -50 -40 -41 -47 -53 -47 -49 -39 -54 -46 -39 -36 -40 0 -48 -45 -54 -66 -48 -39
15:53:39 N 14 -55 -49 -51 -44 -42 -47 -56 -58 -44 -61 -54 -57 -49 -50 0 -40 -45 -58 -48 -51
15:53:39 N 15 -46 -51 -45 -44 -42 -52 -53 -51 -56 -69 -40 -54 -50 -45 -38 0 -45 -50 -54 -49
15:53:39 N 16 -38 -42 -35 -35 -35 -49 -43 -44 -50 -46 -41 -59 -41 -55 -44 -46 0 -32 -67 -44
15:53:39 N 17 -42 -35 -37 -36 -38 -50 -48 -56 -45 -50 -36 -52 -41 -66 -57 -51 -32 0 -59 -42
15:53:39 N 18 -60 -50 -49 -46 -51 -53 -51 -52 -53 -37 -42 -46 -52 -49 -47 -55 -66 -59 0 -52
15:53:39 N 19 -51 -49 -44 -45 -41 -54 -48 -27 -45 -42 -39 -42 -44 -40 -51 -51 -44 -43 -52 0
15:53:39 N 0 0 -45 -49 -45 -52 -50 -46 -47 -45 -60 -58 -51 -51 -51 -54 -47 -38 -43 -60 -51
15:53:39 N 1 -45 0 -41 -43 -48 -56 -36 -43 -39 -42 -40 -51 -43 -41 -48 -52 -42 -35 -50 -49
15:53:39 N 2 -49 -40 0 -43 -50 -56 -41 -47 -38 -42 -54 -56 -46 -41 -50 -45 -34 -36 -48 -43
15:53:39 N 3 -45 -44 -45 0 -42 -48 -45 -47 -45 -45 -60 -41 -45 -48 -44 -45 -36 -36 -46 -45
15:53:39 N 4 -53 -49 -51 -42 0 -37 -51 -38 -57 -54 -51 -45 -63 -54 -42 -44 -36 -39 -51 -42
15:53:39 N 5 -50 -56 -57 -48 -36 0 -54 -47 -69 -60 -42 -57 -45 -48 -46 -53 -48 -50 -53 -54
15:53:39 N 6 -46 -36 -41 -44 -50 -53 0 -41 -30 -53 -57 -71 -50 -49 -55 -53 -42 -48 -49 -48
15:53:39 N 7 -47 -43 -48 -46 -38 -47 -42 0 -57 -48 -41 -55 -47 -40 -58 -51 -44 -56 -52 -27
15:53:39 N 8 -46 -40 -39 -45 -58 -70 -31 -57 0 -43 -50 -47 -49 -55 -44 -58 -51 -46 -53 -45
15:53:39 N 9 -61 -41 -43 -44 -53 -60 -54 -48 -42 0 -42 -36 -42 -47 -60 -69 -45 -50 -36 -42
15:53:40 N 10 -59 -39 -55 -60 -50 -42 -59 -41 -50 -42 0 -39 -24 -40 -53 -41 -40 -36 -42 -39
15:53:40 N 11 -51 -51 -56 -40 -45 -57 -72 -56 -47 -37 -40 0 -43 -38 -56 -55 -59 -52 -46 -42
15:53:40 N 12 -51 -43 -47 -44 -62 -45 -50 -46 -49 -41 -24 -42 0 -41 -48 -50 -41 -41 -52 -43
15:53:40 N 13 -50 -40 -41 -48 -53 -47 -49 -39 -54 -46 -39 -36 -40 0 -48 -45 -54 -65 -48 -39
15:53:40 N 14 -55 -49 -51 -44 -42 -47 -56 -58 -45 -61 -53 -57 -49 -50 0 -40 -45 -57 -48 -51
15:53:40 N 15 -46 -51 -45 -44 -42 -52 -53 -51 -57 -70 -40 -54 -50 -45 -39 0 -45 -50 -54 -49
15:53:40 N 16 -38 -42 -35 -35 -35 -49 -43 -44 -50 -46 -41 -59 -41 -55 -44 -46 0 -32 -66 -44
15:53:40 N 17 -42 -35 -37 -36 -38 -50 -48 -55 -45 -50 -36 -52 -41 -65 -57 -51 -32 0 -59 -42
15:53:40 N 18 -60 -50 -49 -46 -51 -53 -50 -52 -53 -37 -42 -46 -52 -50 -48 -55 -65 -59 0 -52
15:53:40 N 19 -51 -50 -44 -45 -42 -54 -48 -27 -45 -42 -39 -42 -44 -40 -51 -50 -44 -43 -52 0
15:53:40 N 0 0 -45 -50 -45 -52 -50 -47 -48 -45 -60 -59 -51 -52 -51 -54 -47 -38 -43 -60 -51
15:53:40 N 1 -45 0 -42 -43 -49 -56 -36 -43 -39 -42 -40 -51 -44 -41 -48 -51 -42 -36 -50 -50
15:53:40 N 2 -49 -40 0 -44 -50 -56 -41 -47 -37 -42 -54 -55 -46 -41 -50 -45 -34 -36 -48 -43
15:53:40 N 3 -45 -44 -45 0 -42 -48 -45 -47 -45 -45 -62 -41 -45 -48 -44 -45 -36 -36 -46 -45
15:53:40 N 4 -53 -50 -52 -42 0 -37 -51 -38 -57 -54 -51 -45 -63 -54 -42 -44 -35 -39 -51 -41
15:53:40 N 5 -50 -54 -58 -48 -36 0 -54 -47 -69 -60 -42 -57 -45 -48 -46 -52 -48 -50 -53 -54
15:53:40 N 6 -46 -36 -42 -44 -50 -53 0 -41 -30 -53 -57 -70 -50 -49 -54 -53 -42 -48 -49 -48
15:53:40 N 7 -48 -44 -48 -45 -38 -46 -42 0 -57 -48 -41 -55 -47 -40 -58 -52 -43 -55 -52 -27
15:53:40 N 8 -46 -40 -39 -45 -58 -70 -31 -57 0 -43 -51 -47 -50 -55 -44 -59 -51 -45 -53 -45
15:53:40 N 9 -60 -42 -43 -44 -53 -60 -54 -48 -42 0 -42 -36 -42 -47 -60 -71 -46 -50 -36 -42
15:53:40 N 10 -60 -39 -56 -61 -50 -42 -58 -41 -51 -42 0 -39 -24 -40 -53 -41 -41 -36 -42 -39
15:53:40 N 11 -52 -51 -55 -40 -45 -57 -71 -57 -46 -37 -40 0 -43 -37 -57 -56 -59 -52 -46 -42
15:53:40 N 12 -52 -43 -47 -44 -62 -45 -50 -46 -50 -42 -25 -43 0 -41 -48 -50 -41 -41 -52 -43
15:53:40 N 13 -50 -40 -41 -48 -54 -47 -49 -39 -53 -46 -39 -36 -40 0 -48 -45 -54 -64 -48 -39
15:53:40 N 14 -55 -48 -52 -44 -42 -47 -56 -59 -45 -60 -55 -57 -49 -50 0 -40 -45 -57 -48 -50
15:53:40 N 15 -47 -51 -45 -44 -42 -52 -52 -52 -59 -70 -40 -55 -49 -45 -39 0 -45 -50 -54 -49
15:53:40 N 16 -38 -42 -35 -35 -35 -49 -43 -44 -50 -46 -41 -59 -41 -56 -44 -46 0 -32 -66 -44
15:53:40 N 17 -42 -35 -36 -36 -38 -50 -48 -54 -45 -50 -36 -51 -40 -64 -55 -53 -32 0 -60 -42
15:53:40 N 18 -60 -50 -49 -46 -50 -53 -50 -53 -53 -36 -42 -46 -53 -50 -48 -55 -66 -56 0 -52
15:53:41 N 19 -51 -50 -45 -45 -41 -54 -48 -27 -45 -42 -39 -42 -44 -40 -50 -50 -43 -44 -51 0
15:53:41 N 0 0 -44 -49 -45 -52 -50 -47 -47 -45 -62 -63 -51 -52 -50 -54 -48 -39 -44 -63 -54
15:53:41 N 1 -45 0 -42 -44 -50 -54 -36 -44 -40 -42 -40 -51 -45 -41 -48 -52 -42 -36 -49 -50
15:53:41 N 2 -47 -40 0 -44 -50 -57 -41 -47 -38 -42 -54 -54 -47 -40 -50 -45 -33 -36 -47 -43
15:53:41 N 3 -46 -44 -44 0 -42 -48 -45 -46 -45 -45 -60 -41 -45 -48 -44 -45 -35 -36 -46 -45
15:53:41 N 4 -50 -48 -52 -42 0 -37 -51 -38 -57 -54 -51 -45 -60 -55 -42 -44 -36 -39 -51 -41
15:53:41 N 5 -50 -54 -59 -48 -37 0 -53 -46 -69 -59 -42 -56 -45 -48 -46 -53 -48 -51 -52 -57
15:53:41 N 6 -49 -36 -44 -44 -48 -54 0 -41 -29 -53 -57 -69 -49 -49 -55 -53 -41 -47 -49 -48
15:53:41 N 7 -48 -43 -50 -45 -38 -45 -41 0 -56 -48 -41 -57 -46 -40 -56 -54 -44 -51 -52 -27
15:53:41 N 8 -44 -40 -39 -43 -52 -66 -30 -52 0 -43 -51 -46 -50 -54 -45 -59 -50 -46 -55 -46
15:53:41 N 9 -57 -42 -43 -45 -53 -60 -52 -48 -42 0 -42 -36 -42 -47 -60 -69 -48 -51 -36 -42
15:53:41 N 10 -58 -39 -60 -57 -49 -42 -55 -40 -47 -42 0 -39 -24 -39 -54 -40 -42 -36 -42 -39
15:53:41 N 11 -52 -54 -58 -40 -44 -56 -62 -57 -46 -37 -40 0 -44 -38 -57 -56 -60 -51 -46 -41
15:53:41 N 12 -53 -45 -51 -45 -60 -45 -51 -51 -45 -42 -24 -42 0 -41 -48 -48 -40 -39 -54 -43
15:53:41 N 13 -49 -41 -41 -47 -54 -47 -49 -39 -54 -46 -39 -36 -40 0 -49 -44 -55 -63 -49 -39
15:53:41 N 14 -53 -48 -51 -44 -43 -46 -57 -55 -44 -61 -58 -56 -48 -51 0 -40 -45 -55 -48 -49
15:53:41 N 15 -48 -52 -45 -45 -42 -51 -54 -57 -60 -63 -41 -55 -46 -45 -39 0 -45 -52 -53 -48
15:53:41 N 16 -38 -42 -34 -35 -35 -47 -41 -44 -53 -49 -42 -59 -42 -58 -45 -47 0 -32 -68 -43
15:53:41 N 17 -43 -35 -37 -35 -38 -50 -47 -49 -48 -52 -36 -50 -42 -63 -53 -51 -33 0 -56 -43
15:53:41 N 18 -63 -50 -48 -45 -51 -52 -51 -51 -56 -36 -42 -47 -55 -50 -47 -54 -59 -57 0 -51
15:53:41 N 19 -54 -50 -44 -45 -41 -60 -48 -27 -44 -42 -40 -42 -43 -40 -49 -48 -44 -44 -50 0
15:53:41 N 0 0 -45 -47 -45 -51 -50 -49 -51 -45 -57 -63 -52 -55 -49 -54 -49 -39 -44 -65 -50
15:53:41 N 1 -46 0 -41 -44 -47 -54 -36 -42 -39 -42 -40 -54 -46 -41 -48 -55 -42 -36 -51 -49
15:53:41 N 2 -47 -41 0 -43 -50 -57 -44 -48 -38 -41 -57 -60 -50 -41 -51 -44 -33 -36 -46 -42
15:53:41 N 3 -47 -44 -45 0 -42 -48 -45 -47 -43 -46 -58 -41 -46 -48 -44 -46 -35 -36 -45 -45
15:53:41 N 4 -52 -48 -51 -42 0 -37 -49 -39 -52 -53 -52 -45 -63 -54 -42 -43 -36 -39 -50 -42
15:53:41 N 5 -50 -52 -57 -48 -37 0 -54 -45 -64 -60 -42 -56 -46 -48 -46 -51 -47 -51 -51 -60
15:53:41 N 6 -48 -36 -42 -45 -48 -53 0 -39 -29 -51 -53 -62 -50 -49 -56 -57 -42 -45 -50 -48
15:53:42 N 7 -48 -42 -49 -46 -38 -45 -39 0 -51 -48 -41 -57 -51 -40 -54 -59 -44 -52 -51 -27
15:53:42 N 8 -46 -40 -40 -43 -50 -69 -31 -55 0 -43 -48 -46 -46 -58 -44 -58 -54 -51 -56 -44
15:53:42 N 9 -60 -42 -42 -45 -53 -60 -52 -48 -42 0 -42 -37 -42 -47 -63 -65 -48 -53 -36 -42
15:53:42 N 10 -63 -39 -57 -58 -56 -42 -54 -40 -51 -42 0 -39 -24 -39 -57 -41 -42 -36 -42 -39
15:53:42 N 11 -51 -54 -60 -40 -45 -56 -64 -150 -46 -37 -40 0 -43 -37 -56 -56 -58 -51 -47 -42
15:53:42 N 12 -57 -45 -51 -45 -57 -45 -50 -51 -45 -43 -24 -42 0 -40 -48 -47 -42 -40 -53 -43
15:53:42 N 13 -48 -41 -41 -46 -52 -47 -47 -39 -56 -47 -39 -36 -41 0 -50 -45 -56 -64 -49 -39
15:53:42 N 14 -55 -49 -52 -44 -43 -46 -56 -53 -44 -65 -58 -55 -49 -52 0 -40 -46 -55 -47 -50
15:53:42 N 15 -49 -54 -43 -45 -42 -51 -56 -58 -53 -64 -40 -55 -48 -45 -38 0 -46 -51 -53 -48
15:53:42 N 16 -38 -41 -35 -35 -35 -47 -42 -45 -55 -49 -43 -56 -40 -55 -45 -50 0 -32 -58 -44
15:53:42 N 17 -43 -36 -37 -36 -38 -51 -45 -51 -49 -53 -36 -51 -39 -69 -53 -51 -32 0 -57 -44
15:53:42 N 18 -66 -51 -48 -45 -50 -52 -51 -51 -53 -36 -42 -47 -53 -50 -47 -53 -56 -56 0 -50
15:53:42 N 19 -51 -49 -44 -45 -41 -59 -47 -27 -43 -42 -40 -42 -44 -40 -50 -48 -45 -44 -50 0
15:53:42 N 0 0 -46 -48 -46 -51 -50 -48 -47 -45 -60 -62 -51 -56 -49 -54 -50 -39 -43 -65 -51
15:53:42 N 1 -51 0 -42 -44 -48 -52 -37 -43 -40 -42 -39 -54 -45 -42 -48 -55 -42 -36 -51 -48
15:53:42 N 2 -49 -40 0 -44 -50 -56 -41 -48 -38 -41 -56 -57 -50 -41 -50 -43 -34 -36 -47 -41
15:53:42 N 3 -46 -45 -45 0 -42 -48 -45 -47 -44 -45 -57 -41 -45 -47 -45 -47 -35 -36 -45 -45
15:53:42 N 4 -53 -48 -51 -42 0 -38 -49 -38 -51 -54 -56 -45 -57 -53 -42 -43 -35 -39 -50 -42
15:53:42 N 5 -51 -52 -57 -48 -37 0 -54 -45 -69 -60 -43 -56 -45 -48 -45 -52 -48 -51 -52 -59
15:53:42 N 6 -48 -36 -42 -45 -48 -53 0 -39 -30 -51 -54 -63 -49 -48 -55 -57 -42 -45 -50 -46
15:53:42 N 7 -47 -43 -49 -46 -37 -45 -39 0 -55 -48 -41 -56 -51 -40 -53 -58 -45 -51 -51 -27
15:53:42 N 8 -46 -40 -40 -44 -50 -70 -30 -57 0 -43 -52 -46 -46 -56 -44 -54 -55 -49 -53 -43
15:53:42 N 9 -60 -42 -42 -45 -53 -60 -52 -48 -41 0 -41 -37 -43 -48 -65 -65 -48 -53 -36 -42
15:53:42 N 10 -61 -39 -57 -56 -54 -42 -54 -40 -53 -42 0 -40 -24 -39 -57 -41 -42 -36 -42 -39
15:53:42 N 11 -51 -54 -58 -40 -45 -57 -65 -57 -45 -37 -40 0 -43 -38 -55 -56 -56 -52 -47 -42
15:53:42 N 12 -56 -45 -51 -45 -57 -45 -50 -51 -45 -43 -25 -42 0 -41 -48 -48 -39 -39 -53 -43
15:53:42 N 13 -48 -42 -41 -46 -52 -47 -47 -39 -54 -47 -39 -36 -40 0 -51 -45 -54 -69 -49 -39
15:53:42 N 14 -55 -48 -52 -45 -43 -46 -56 -54 -43 -64 -58 -55 -49 -52 0 -39 -45 -54 -47 -50
15:53:42 N 15 -49 -54 -43 -45 -42 -51 -57 -57 -53 -65 -40 -55 -48 -45 -38 0 -48 -51 -53 -48
15:53:43 N 16 -39 -41 -35 -35 -35 -47 -42 -45 -55 -49 -43 -56 -40 -55 -45 -50 0 -32 -56 -44
15:53:43 N 17 -43 -35 -37 -35 -39 -51 -45 -51 -48 -53 -36 -52 -39 -66 -54 -51 -32 0 -55 -43
15:53:43 N 18 -65 -51 -48 -45 -50 -52 -51 -51 -52 -36 -42 -47 -52 -51 -47 -54 -57 -56 0 -50
15:53:43 N 19 -51 -48 -43 -45 -42 -59 -47 -27 -43 -42 -40 -42 -43 -41 -49 -49 -45 -43 -50 0
15:53:43 N 0 0 -50 -49 -45 -52 -51 -48 -47 -45 -60 -61 -51 -56 -50 -54 -50 -39 -43 -65 -51
15:53:43 N 1 -48 0 -42 -44 -48 -52 -37 -44 -40 -42 -39 -53 -45 -42 -48 -55 -42 -36 -51 -48
15:53:43 N 2 -47 -41 0 -43 -49 -56 -41 -48 -38 -41 -56 -57 -50 -41 -50 -43 -34 -36 -47 -41
15:53:43 N 3 -47 -45 -45 0 -42 -48 -45 -47 -44 -45 -57 -40 -45 -48 -45 -46 -35 -36 -46 -45
15:53:43 N 4 -53 -48 -51 -42 0 -38 -49 -38 -50 -54 -56 -45 -57 -54 -42 -44 -36 -39 -50 -42
15:53:43 N 5 -51 -51 -58 -48 -37 0 -54 -45 -69 -60 -43 -56 -45 -48 -45 -51 -47 -51 -52 -59
15:53:43 N 6 -48 -36 -42 -45 -48 -53 0 -39 -29 -51 -53 -66 -49 -48 -55 -57 -42 -45 -50 -46
15:53:43 N 7 -47 -43 -49 -46 -37 -45 -40 0 -56 -48 -41 -56 -51 -40 -54 -58 -45 -51 -51 -27
15:53:43 N 8 -46 -40 -40 -44 -49 -71 -31 -55 0 -42 -53 -46 -46 -56 -43 -55 -55 -49 -53 -44
15:53:43 N 9 -60 -42 -42 -45 -54 -61 -52 -48 -41 0 -42 -37 -43 -47 -63 -66 -50 -54 -36 -42
15:53:43 N 10 -63 -39 -57 -57 -57 -42 -54 -41 -51 -42 0 -40 -24 -39 -57 -41 -42 -36 -42 -39
15:53:43 N 11 -51 -53 -58 -40 -45 -57 -69 -58 -46 -37 -40 0 -43 -38 -55 -56 -56 -52 -47 -42
15:53:43 N 12 -56 -45 -51 -45 -59 -45 -51 -51 -44 -42 -24 -42 0 -41 -47 -48 -39 -39 -52 -42
15:53:43 N 13 -49 -41 -41 -46 -52 -47 -48 -39 -54 -46 -39 -36 -40 0 -51 -45 -53 -66 -49 -39
15:53:43 N 14 -55 -48 -52 -45 -43 -46 -56 -54 -43 -63 -56 -56 -47 -52 0 -40 -46 -55 -47 -49
15:53:43 N 15 -49 -54 -43 -45 -42 -51 -58 -58 -54 -67 -40 -55 -48 -45 -39 0 -48 -51 -53 -48
15:53:43 N 16 -38 -42 -35 -35 -35 -47 -42 -44 -55 -50 -42 -56 -40 -55 -45 -49 0 -32 -58 -44
15:53:43 N 17 -42 -35 -36 -36 -38 -51 -46 -51 -49 -53 -36 -51 -39 -66 -54 -51 -32 0 -57 -43
15:53:43 N 18 -65 -51 -48 -45 -50 -52 -51 -51 -53 -36 -42 -47 -52 -51 -47 -53 -58 -57 0 -50
15:53:43 N 19 -51 -48 -42 -109 -42 -59 -47 -27 -44 -42 -39 -42 -43 -41 -49 -49 -44 -43 -51 0
15:53:43 N 0 0 -48 -48 -46 -53 -51 -49 -48 -45 -60 -64 -51 -56 -50 -54 -49 -38 -43 -64 -51
15:53:43 N 1 -47 0 -42 -45 -48 -52 -37 -44 -40 -42 -40 -53 -46 -42 -48 -56 -42 -36 -51 -48
15:53:43 N 2 -47 -41 0 -44 -49 -57 -41 -48 -38 -41 -57 -57 -50 -41 -50 -43 -34 -36 -47 -41
