17:35:32 N 13 -52 -53 -47 -45 -51 -66 -52 -53 -56 -51 -54 -43 -47 0 -54 -51 -42 -42 -37 -39
17:35:33 N 14 -45 -64 -55 -53 -49 -53 -60 -60 -49 -60 -48 -59 -42 -56 0 -38 -45 -46 -54 -59
17:35:33 N 15 -41 -63 -57 -45 -45 -67 -48 -54 -42 -51 -44 -45 -39 -51 -36 0 -38 -49 -67 -51
17:35:33 N 16 -51 -50 -47 -38 -53 -52 -55 -49 -49 -46 -43 -44 -42 -44 -43 -39 0 -39 -59 -55
17:35:33 N 17 -55 -58 -57 -54 -52 -52 -51 -46 -51 -42 -48 -42 -49 -42 -45 -49 -39 0 -66 -52
17:35:33 N 18 -63 -60 -50 -53 -56 -50 -55 -58 -54 -47 -54 -41 -56 -39 -54 -69 -59 -67 0 -42
17:35:33 N 19 -57 -57 -48 -43 -51 -51 -58 -63 -50 -45 -51 -47 -50 -41 -61 -52 -56 -53 -42 0
17:35:33 N 0 0 -58 -51 -53 -74 -58 -39 -51 -44 -49 -44 -63 -54 -53 -45 -42 -50 -54 -63 -56
17:35:33 N 2 -51 0 0 -53 -50 -56 -44 -44 -49 -40 -56 -54 -66 -47 -54 -58 -46 -56 -48 -46
17:35:33 N 3 -54 0 -55 0 -48 -78 -52 -42 -50 -42 -60 -46 -53 -46 -53 -47 -39 -54 -54 -44
17:35:33 N 4 -74 0 -51 -48 0 -49 -59 -37 -54 -45 -51 -49 -59 -53 -49 -46 -53 -52 -55 -51
17:35:33 N 5 -60 0 -57 -74 -48 0 -54 -42 -63 -48 -62 -50 -47 -68 -53 -66 -51 -52 -49 -51
17:35:33 N 6 -39 -56 -45 -51 -57 -54 0 -45 -37 -45 -57 -66 -49 -52 -60 -50 -54 -50 -54 -57
17:35:33 N 7 -50 -51 -45 -41 -36 -42 -45 0 -51 -57 -48 -47 -51 -53 -58 -54 -48 -46 -57 -62
17:35:33 N 8 -45 -61 -51 -50 -54 -64 -39 -52 0 -58 -40 -57 -46 -58 -50 -44 -50 -51 -54 -49
17:35:33 N 9 -49 -57 -40 -41 -44 -48 -45 -56 -56 0 -51 -63 -59 -51 -59 -52 -45 -42 -45 -45
17:35:33 N 10 -43 -60 -57 -59 -51 -61 -57 -48 -39 -51 0 -52 -41 -55 -48 -45 -42 -48 -54 -50
17:35:33 N 11 -65 -51 -56 -45 -48 -50 -67 -48 -57 -63 -52 0 -47 -44 -60 -46 -43 -42 -40 -46
17:35:33 N 12 -54 -63 -67 -53 -58 -47 -49 -50 -44 -59 -41 -46 0 -47 -41 -40 -42 -49 -55 -50
17:35:33 N 13 -52 -53 -46 -45 -51 -66 -52 -53 -58 -51 -56 -43 -48 0 -54 -51 -42 -42 -37 -39
17:35:33 N 14 -46 -64 -56 -52 -49 -52 -61 -59 -51 -59 -48 -61 -42 -57 0 -37 -44 -46 -54 -60
17:35:33 N 15 -41 -63 -57 -45 -45 -63 -50 -54 -42 -51 -44 -45 -39 -51 -36 0 -38 -48 -69 -50
17:35:33 N 16 -52 -50 -47 -38 -53 -52 -54 -49 -50 -46 -42 -43 -43 -43 -44 -39 0 -39 -59 -56
17:35:33 N 17 -54 -58 -57 -54 -51 -52 -51 -46 -51 -42 -48 -42 -49 -42 -45 -49 -39 0 -66 -53
17:35:33 N 18 -63 -60 -50 -53 -55 -50 -54 -58 -54 -47 -54 -41 -55 -39 -53 -70 -60 -67 0 -42
17:35:33 N 19 -57 -57 -48 -43 -52 -52 -57 -63 -49 -45 -51 -47 -50 -40 -59 -52 -56 -53 -42 0
17:35:33 N 0 0 -58 -51 -52 -73 -60 -39 -52 -45 -49 -44 -63 -55 -53 -45 -42 -52 -55 -63 -57
17:35:33 N 3 -54 0 -55 0 -48 -77 -52 -42 -50 -42 -61 -46 -52 -46 -53 -47 -39 -54 -54 -43
17:35:34 N 4 -76 0 -51 -48 0 -49 -58 -37 -54 -45 -51 -48 -57 -52 -49 -47 -53 -52 -55 -51
17:35:34 N 5 -61 0 -57 -78 -48 0 -55 -42 -62 -48 -61 -50 -47 -67 -52 -66 -51 -52 -50 -51
17:35:34 N 6 -39 -56 -45 -51 -58 -54 0 -45 -37 -45 -56 -67 -50 -52 -60 -50 -53 -51 -54 -56
17:35:34 N 7 -51 -51 -45 -42 -36 -42 -45 0 -51 -56 -47 -48 -51 -53 -59 -54 -48 -46 -58 -63
17:35:34 N 8 -46 -61 -51 -50 -54 -63 -38 -52 0 -57 -40 -59 -45 -58 -51 -44 -50 -52 -54 -50
17:35:34 N 9 -49 -57 -40 -41 -44 -47 -45 -56 -57 0 -51 -63 -57 -51 -60 -53 -45 -42 -45 -45
17:35:34 N 10 -44 -60 -57 -60 -50 -62 -56 -47 -38 -51 0 -52 -42 -56 -47 -45 -42 -48 -54 -51
17:35:34 N 11 -65 -51 -56 -45 -48 -50 -68 -48 -59 -63 -51 0 -47 -44 -59 -47 -43 -42 -40 -46
17:35:34 N 12 -54 -63 -67 -51 -56 -47 -50 -51 -44 -58 -42 -46 0 -48 -41 -40 -42 -49 -55 -50
17:35:34 N 13 -52 -53 -46 -45 -51 -66 -52 -53 -56 -51 -54 -43 -48 0 -55 -51 -42 -42 -37 -39
17:35:34 N 14 -46 -64 -56 -53 -49 -52 -61 -61 -50 -59 -49 -60 -42 -56 0 -38 -44 -46 -53 -60
17:35:34 N 15 -41 -63 -57 -45 -45 -67 -48 -54 -42 -51 -44 -45 -39 -51 -37 0 -39 -48 -70 -50
17:35:34 N 16 -52 -50 -47 -38 -53 -52 -54 -49 -49 -45 -42 -43 -43 -44 -44 -39 0 -39 -59 -55
17:35:34 N 17 -56 -58 -57 -54 -52 -52 -50 -46 -50 -42 -48 -42 -50 -42 -45 -50 -39 0 -67 -52
17:35:34 N 18 -63 -60 -50 -54 -55 -50 -55 -58 -54 -47 -54 -40 -57 -39 -53 -70 -60 -66 0 -42
17:35:34 N 19 -57 -57 -48 -43 -51 -51 -57 -63 -49 -45 -52 -47 -49 -41 -59 -52 -55 -53 -42 0
17:35:34 N 0 0 -58 -51 -53 -75 -61 -39 -51 -45 -49 -44 -64 -54 -53 -45 -42 -51 -56 -63 -56
17:35:34 N 2 -50 0 0 -53 -50 -57 -44 -44 -49 -40 -57 -54 -60 -46 -55 -58 -46 -56 -48 -46
17:35:34 N 3 -54 0 -54 0 -48 -75 -52 -42 -50 -42 -59 -46 -51 -46 -54 -46 -39 -55 -54 -44
17:35:34 N 4 -77 0 -51 -48 0 -49 -59 -37 -54 -45 -51 -48 -57 -53 -49 -47 -53 -53 -55 -51
17:35:34 N 5 -59 0 -58 -78 -48 0 -55 -42 -62 -48 -60 -50 -47 -66 -51 -69 -51 -52 -50 -51
17:35:34 N 6 -38 -56 -45 -51 -58 -53 0 -45 -37 -45 -56 -69 -49 -53 -60 -49 -53 -51 -54 -57
17:35:34 N 7 -52 -51 -45 -42 -36 -42 -45 0 -51 -56 -47 -47 -51 -54 -61 -55 -48 -47 -57 -63
17:35:34 N 8 -46 -61 -51 -49 -54 -64 -39 -52 0 -57 -40 -59 -45 -58 -51 -43 -50 -51 -54 -49
17:35:34 N 9 -48 -57 -40 -41 -44 -48 -45 -57 -57 0 -51 -63 -56 -51 -59 -53 -45 -42 -46 -45
17:35:34 N 10 -43 -60 -57 -59 -51 -61 -59 -48 -39 -51 0 -51 -42 -55 -48 -45 -42 -48 -54 -51
17:35:34 N 11 -61 -51 -56 -45 -48 -50 -68 -47 -58 -63 -51 0 -46 -44 -59 -47 -43 -42 -40 -47
17:35:34 N 12 -51 -63 -63 -51 -57 -47 -49 -51 -45 -56 -41 -45 0 -47 -41 -40 -42 -50 -56 -49
17:35:35 N 13 -52 -53 -46 -45 -51 -65 -53 -53 -56 -51 -54 -43 -47 0 -55 -51 -42 -42 -37 -39
17:35:35 N 14 -46 -64 -56 -53 -49 -52 -61 -61 -49 -60 -48 -59 -42 -55 0 -38 -44 -46 -53 -59
17:35:35 N 15 -41 -63 -58 -45 -45 -70 -49 -54 -42 -52 -45 -45 -39 -51 -36 0 -39 -49 -68 -51
17:35:35 N 16 -51 -50 -47 -38 -52 -52 -54 -49 -49 -45 -42 -43 -43 -44 -44 -39 0 -39 -60 -56
17:35:35 N 17 -55 -58 -58 -54 -52 -52 -51 -46 -50 -42 -47 -42 -49 -42 -45 -48 -39 0 -66 -52
17:35:35 N 18 -63 -60 -49 -53 -55 -50 -55 -59 -54 -47 -54 -41 -57 -39 -54 -69 -60 -67 0 -42
17:35:35 N 19 -57 -57 -48 -43 -52 -52 -59 -63 -49 -45 -52 -47 -50 -40 -60 -52 -55 -54 -42 0
17:35:35 N 0 0 -58 -51 -53 -77 -59 -39 -50 -45 -49 -43 -63 -53 -53 -45 -42 -52 -56 -62 -56
17:35:35 N 2 -50 0 0 -53 -50 -56 -44 -45 -49 -40 -56 -54 -64 -47 -55 -57 -46 -57 -49 -46
17:35:35 N 3 -54 0 -57 0 -48 -74 -52 -42 -49 -42 -60 -45 -52 -46 -54 -46 -39 -55 -54 -44
17:35:35 N 4 -73 0 -51 -48 0 -49 -59 -37 -54 -45 -51 -49 -58 -53 -49 -46 -53 -53 -55 -52
17:35:35 N 5 -59 0 -57 -69 -48 0 -54 -42 -64 -48 -59 -50 -47 -65 -52 -69 -52 -52 -50 -51
17:35:35 N 6 -38 -56 -45 -51 -59 -55 0 -45 -38 -45 -58 -67 -49 -54 -60 -50 -53 -51 -55 -58
17:35:35 N 7 -51 -51 -45 -41 -36 -42 -46 0 -50 -57 -47 -47 -51 -54 -59 -55 -48 -46 -58 -63
17:35:35 N 8 -46 -61 -50 -49 -54 -63 -38 -52 0 -57 -40 -58 -46 -57 -50 -44 -49 -50 -54 -49
17:35:35 N 9 -48 -57 -40 -41 -44 -48 -45 -56 -55 0 -51 -63 -58 -52 -59 -53 -45 -41 -45 -45
17:35:35 N 10 -43 -60 -58 -61 -51 -62 -58 -47 -38 -51 0 -52 -42 -56 -48 -45 -42 -47 -53 -53
17:35:35 N 11 -61 -51 -56 -45 -48 -50 -69 -47 -59 -63 -54 0 -46 -44 -62 -47 -43 -42 -40 -46
17:35:35 N 12 -54 -63 -71 -51 -57 -47 -50 -52 -44 -57 -43 -46 0 -47 -41 -40 -42 -50 -56 -49
17:35:35 N 13 -52 -53 -46 -45 -51 -66 -53 -53 -56 -51 -53 -42 -47 0 -54 -51 -42 -42 -37 -39
17:35:35 N 14 -46 -64 -56 -55 -49 -52 -64 -61 -49 -61 -51 -62 -43 -56 0 -38 -45 -46 -54 -60
17:35:35 N 15 -41 -63 -57 -45 -45 -69 -49 -55 -42 -51 -44 -45 -40 -50 -36 0 -38 -48 -67 -51
17:35:35 N 16 -52 -50 -47 -38 -52 -52 -55 -48 -48 -45 -42 -43 -43 -44 -44 -39 0 -39 -61 -56
17:35:35 N 17 -55 -58 -58 -54 -52 -53 -53 -46 -50 -42 -46 -42 -48 -42 -45 -48 -39 0 -65 -53
17:35:35 N 18 -62 -60 -50 -53 -55 -51 -57 -58 -54 -47 -55 -41 -58 -39 -52 -72 -61 -68 0 -42
17:35:35 N 19 -57 -57 -48 -44 -52 -51 -57 -65 -49 -45 -53 -46 -52 -41 -56 -52 -56 -53 -42 0
17:35:35 N 0 0 -58 -51 -54 -77 -60 -39 -51 -46 -49 -42 -61 -52 -53 -45 -42 -52 -57 -62 -56
17:35:35 N 2 -50 0 0 -54 -50 -56 -44 -44 -48 -40 -57 -54 -70 -47 -54 -57 -47 -58 -48 -46
17:35:36 N 3 -54 0 -56 0 -48 -71 -52 -42 -49 -42 -59 -46 -51 -46 -54 -46 -39 -57 -54 -44
17:35:36 N 4 -79 0 -51 -48 0 -49 -58 -37 -54 -45 -52 -48 -58 -54 -49 -47 -53 -53 -55 -52
17:35:36 N 5 -58 0 -57 -69 -48 0 -55 -42 -65 -48 -60 -50 -47 -67 -52 -72 -52 -53 -50 -51
17:35:36 N 6 -38 -56 -45 -51 -59 -56 0 -45 -37 -44 -57 -65 -50 -52 -61 -49 -56 -52 -55 -55
17:35:36 N 7 -50 -51 -45 -42 -36 -42 -46 0 -50 -56 -47 -47 -50 -54 -58 -55 -48 -46 -58 -65
17:35:36 N 8 -46 -61 -51 -50 -53 -62 -38 -51 0 -56 -39 -59 -46 -57 -49 -44 -49 -50 -53 -49
17:35:36 N 9 -49 -57 -41 -41 -44 -48 -45 -57 -57 0 -51 -63 -57 -51 -61 -52 -45 -41 -45 -45
17:35:36 N 10 -44 -60 -62 -62 -51 -60 -63 -48 -38 -51 0 -54 -43 -54 -53 -45 -42 -47 -54 -51
17:35:36 N 11 -63 -51 -56 -45 -48 -50 -70 -47 -59 -63 -53 0 -47 -44 -61 -46 -44 -42 -40 -46
17:35:36 N 12 -53 -63 -72 -51 -59 -47 -50 -50 -44 -58 -42 -46 0 -48 -42 -41 -42 -49 -57 -50
17:35:36 N 13 -52 -53 -47 -45 -52 -66 -51 -53 -57 -51 -54 -42 -47 0 -54 -50 -42 -42 -37 -39
17:35:36 N 14 -45 -64 -55 -54 -49 -53 -61 -58 -49 -61 -52 -62 -43 -56 0 -38 -44 -46 -52 -58
17:35:36 N 15 -41 -63 -57 -45 -45 -68 -49 -54 -42 -51 -44 -45 -40 -50 -36 0 -39 -47 -70 -51
17:35:36 N 16 -53 -50 -47 -38 -53 -52 -56 -49 -49 -45 -42 -44 -43 -44 -44 -39 0 -39 -60 -56
17:35:36 N 17 -57 -58 -59 -55 -52 -52 -52 -46 -49 -42 -47 -42 -48 -42 -45 -48 -39 0 -67 -53
17:35:36 N 18 -62 -60 -50 -54 -55 -50 -56 -59 -53 -47 -55 -41 -56 -39 -52 -70 -60 -68 0 -42
17:35:36 N 19 -57 -57 -48 -44 -52 -52 -55 -65 -48 -45 -51 -46 -51 -41 -57 -52 -56 -53 -42 0
17:35:36 N 0 0 -58 -51 -54 -79 -59 -38 -51 -45 -48 -44 -61 -53 -53 -45 -42 -51 -57 -62 -56
17:35:36 N 2 -50 0 0 -54 -50 -56 -44 -45 -50 -40 -61 -55 -70 -46 -54 -58 -46 -58 -47 -47
17:35:36 N 3 -54 0 -55 0 -48 -71 -52 -42 -50 -42 -62 -46 -51 -46 -54 -46 -39 -56 -54 -44
17:35:36 N 4 -77 0 -51 -48 0 -49 -59 -37 -54 -45 -52 -48 -58 -54 -49 -47 -53 -52 -56 -52
17:35:36 N 5 -59 0 -57 -70 -48 0 -56 -42 -61 -47 -60 -50 -47 -66 -53 -71 -51 -52 -50 -51
17:35:36 N 6 -38 -56 -44 -51 -58 -56 0 -46 -38 -45 -62 -70 -50 -52 -60 -50 -56 -52 -56 -55
17:35:36 N 7 -49 -51 -45 -41 -36 -42 -46 0 -51 -56 -48 -47 -51 -54 -58 -54 -48 -47 -59 -63
17:35:36 N 8 -46 -61 -51 -50 -53 -63 -39 -51 0 -57 -39 -60 -46 -57 -49 -44 -49 -50 -53 -48
17:35:36 N 9 -49 -57 -41 -41 -44 -48 -45 -57 -56 0 -51 -63 -57 -51 -60 -52 -45 -42 -45 -45
17:35:36 N 10 -44 -60 -62 -62 -51 -60 -63 -48 -38 -51 0 -52 -42 -55 -51 -45 -42 -47 -55 -51
17:35:36 N 11 -62 -51 -56 -45 -48 -50 -70 -47 -60 -63 -52 0 -47 -44 -61 -46 -44 -42 -40 -46
17:35:36 N 12 -53 -63 -72 -51 -58 -47 -50 -51 -45 -57 -42 -46 0 -48 -42 -41 -43 -48 -57 -50
17:35:37 N 13 -53 -53 -46 -45 -52 -66 -52 -53 -57 -51 -54 -42 -47 0 -54 -50 -42 -42 -37 -39
17:35:37 N 14 -46 -64 -55 -54 -49 -53 -62 -58 -49 -60 -52 -62 -43 -56 0 -38 -44 -46 -52 -58
17:35:37 N 15 -41 -63 -58 -45 -45 -68 -50 -54 -42 -51 -44 -45 -40 -50 -37 0 -39 -48 -70 -50
17:35:37 N 16 -52 -50 -47 -38 -54 -53 -56 -49 -49 -45 -41 -43 -44 -44 -44 -39 0 -39 -59 -55
17:35:37 N 17 -57 -58 -58 -55 -52 -52 -53 -47 -49 -42 -47 -42 -48 -42 -45 -48 -39 0 -67 -52
17:35:37 N 18 -62 -60 -49 -54 -55 -50 -56 -59 -53 -47 -55 -40 -57 -39 -53 -70 -60 -67 0 -42
17:35:37 N 19 -56 -57 -47 -44 -52 -51 -55 -64 -48 -45 -51 -46 -51 -41 -57 -52 -55 -53 -42 0
17:35:37 N 0 0 -58 -51 -53 -83 -59 -39 -50 -46 -48 -45 -61 -54 -54 -45 -42 -51 -56 -62 -56
17:35:37 N 2 -50 0 0 -53 -49 -56 -44 -44 -50 -40 -60 -55 -72 -46 -54 -58 -46 -58 -47 -47
17:35:37 N 3 -54 0 -55 0 -48 -71 -52 -42 -50 -42 -62 -46 -52 -46 -54 -46 -39 -56 -54 -44
17:35:37 N 4 -77 0 -51 -48 0 -49 -60 -37 -54 -45 -51 -48 -59 -53 -49 -47 -54 -53 -56 -52
17:35:37 N 5 -59 0 -57 -72 -48 0 -56 -42 -61 -48 -60 -50 -47 -66 -53 -70 -51 -52 -50 -51
17:35:37 N 6 -38 -56 -44 -51 -59 -56 0 -45 -37 -45 -62 -70 -49 -52 -61 -49 -56 -52 -56 -55
17:35:37 N 7 -49 -51 -45 -42 -36 -42 -46 0 -51 -57 -48 -47 -51 -54 -58 -54 -48 -47 -58 -63
17:35:37 N 8 -46 -61 -51 -50 -53 -62 -38 -51 0 -57 -39 -61 -46 -58 -49 -44 -49 -50 -53 -48
17:35:37 N 9 -48 -57 -41 -41 -44 -48 -45 -57 -56 0 -52 -63 -56 -51 -60 -52 -45 -41 -45 -45
17:35:37 N 10 -44 -60 -61 -62 -51 -60 -63 -48 -38 -51 0 -52 -42 -55 -51 -45 -41 -47 -55 -50
17:35:37 N 11 -62 -51 -56 -45 -48 -50 -69 -47 -60 -63 -52 0 -47 -44 -61 -46 -44 -42 -40 -46
17:35:37 N 12 -54 -63 -74 -51 -58 -47 -50 -51 -44 -57 -42 -46 0 -48 -42 -41 -43 -48 -57 -50
17:35:37 N 13 -52 -53 -46 -45 -52 -66 -51 -53 -57 -51 -54 -42 -47 0 -54 -50 -42 -42 -37 -39
17:35:37 N 14 -46 -64 -55 -54 -49 -53 -61 -58 -49 -61 -52 -62 -43 -55 0 -38 -44 -46 -52 -58
17:35:37 N 15 -41 -63 -58 -45 -45 -69 -49 -54 -42 -51 -44 -45 -40 -50 -37 0 -38 -48 -70 -50
17:35:37 N 16 -52 -50 -47 -38 -53 -52 -56 -49 -49 -45 -41 -44 -43 -44 -44 -39 0 -39 -59 -55
17:35:37 N 17 -57 -58 -58 -55 -51 -52 -53 -47 -48 -42 -47 -42 -48 -42 -45 -49 -39 0 -67 -52
17:35:37 N 18 -62 -60 -49 -54 -54 -50 -57 -58 -53 -46 -54 -40 -57 -39 -52 -70 -60 -68 0 -42
17:35:37 N 19 -57 -57 -47 -43 -51 -51 -56 -64 -48 -45 -51 -46 -51 -41 -57 -53 -55 -53 -42 0
17:35:37 N 0 0 -58 -51 -54 -79 -58 -38 -50 -45 -48 -45 -61 -54 -54 -45 -42 -51 -57 -62 -56
17:35:37 N 2 -50 0 0 -54 -49 -56 -44 -44 -50 -40 -60 -55 -70 -46 -54 -58 -46 -57 -47 -47
17:35:38 N 3 -54 0 -55 0 -48 -70 -52 -42 -50 -42 -62 -46 -52 -46 -54 -46 -39 -56 -54 -43
17:35:38 N 4 -80 0 -51 -48 0 -49 -60 -37 -53 -45 -51 -48 -59 -53 -49 -47 -54 -53 -55 -52
17:35:38 N 5 -59 0 -57 -71 -48 0 -56 -42 -61 -48 -60 -50 -47 -66 -53 -69 -51 -52 -50 -51
17:35:38 N 6 -39 -56 -45 -51 -59 -56 0 -45 -38 -45 -62 -71 -50 -52 -60 -50 -55 -51 -55 -55
17:35:38 N 7 -50 -51 -45 -42 -36 -42 -46 0 -51 -57 -48 -47 -51 -54 -58 -54 -48 -47 -58 -63
17:35:38 N 9 -48 -57 -41 -41 -44 -47 -45 -57 -56 0 -51 -62 -55 -51 -60 -52 -45 -41 -45 -45
17:35:38 N 10 -44 -60 -62 -61 -51 -60 -62 -48 -38 -51 0 -52 -42 -54 -51 -45 -41 -47 -54 -51
17:35:38 N 11 -62 -51 -56 -45 -48 -50 -70 -47 -60 -63 -53 0 -47 -44 -61 -46 -44 -42 -40 -46
17:35:38 N 12 -54 -63 -67 -51 -58 -47 -51 -51 -44 -55 -42 -46 0 -48 -42 -41 -43 -48 -56 -51
17:35:38 N 13 -52 -53 -46 -45 -52 -66 -52 -53 -57 -51 -54 -43 -48 0 -54 -50 -42 -42 -37 -39
17:35:38 N 14 -46 -64 -55 -54 -49 -53 -63 -59 -49 -61 -51 -60 -43 -56 0 -38 -44 -46 -52 -57
17:35:38 N 15 -41 -63 -58 -45 -45 -69 -48 -54 -42 -51 -44 -45 -40 -51 -36 0 -38 -48 -69 -51
17:35:38 N 16 -51 -50 -47 -38 -53 -52 -56 -49 -49 -45 -41 -44 -44 -44 -44 -39 0 -39 -60 -55
17:35:38 N 17 -57 -58 -59 -54 -52 -52 -53 -47 -48 -42 -47 -42 -48 -42 -45 -48 -39 0 -67 -52
17:35:38 N 18 -62 -60 -49 -54 -54 -50 -56 -59 -53 -47 -55 -41 -55 -39 -52 -70 -60 -68 0 -42
17:35:38 N 19 -57 -57 -47 -43 -51 -51 -56 -63 -48 -45 -51 -46 -51 -40 -57 -53 -56 -53 -42 0
17:35:38 N 0 0 -58 -51 -53 -78 -59 -39 -50 -45 -49 -44 -63 -54 -53 -45 -42 -52 -57 -62 -57
17:35:38 N 2 -50 0 0 -53 -50 -56 -44 -44 0 -40 -61 -55 -63 -47 -54 -59 -46 -57 -48 -46
17:35:38 N 3 -53 0 -54 0 -48 -71 -53 -42 -50 -42 -62 -46 -52 -46 -54 -47 -39 -55 -54 -43
17:35:38 N 4 -78 0 -51 -48 0 -49 -60 -37 -53 -45 -51 -49 -58 -53 -49 -47 -53 -53 -55 -51
17:35:38 N 5 -60 0 -57 -72 -144 0 -56 -42 -61 -48 -60 -50 -47 -66 -52 -68 -51 -52 -50 -51
17:35:38 N 6 -38 -56 -44 -51 -57 -54 0 -45 -38 -44 -61 -69 -50 -52 -62 -49 -54 -51 -54 -54
17:35:38 N 7 -51 -51 -45 -42 -36 -42 -46 0 -51 -57 -48 -47 -51 -54 -58 -54 -48 -47 -58 -62
17:35:38 N 8 -46 -61 -51 -51 -52 -62 -39 -52 0 -58 -39 -60 -45 -59 -49 -44 -49 -50 -53 -49
17:35:38 N 9 -49 -57 -40 -42 -44 -48 -45 -57 -57 0 -51 -62 -54 -51 -61 -52 -45 -41 -45 -45
17:35:38 N 10 -43 -60 -62 -62 -51 -60 -63 -48 -38 -51 0 -52 -42 -55 -51 -45 -42 -47 -55 -51
17:35:38 N 11 -63 -51 -56 -45 -48 -50 -68 -48 -60 -63 -53 0 -47 -44 -59 -47 -44 -42 -40 -46
17:35:39 N 12 -53 -63 -65 -51 -59 -47 -50 -51 -45 -55 -42 -46 0 -47 -42 -41 -43 -48 -55 -51
17:35:39 N 13 -52 -53 -47 -45 -51 -68 -51 -53 -56 -51 -53 -43 -47 0 -54 -51 -42 -42 -37 -39
17:35:39 N 14 -46 -64 -55 -54 -49 -53 -63 -59 -49 -61 -51 -61 -43 -55 0 -38 -44 -46 -52 -57
17:35:39 N 15 -41 -63 -60 -45 -45 -69 -48 -54 -42 -52 -44 -45 -40 -50 -37 0 -38 -48 -69 -51
17:35:39 N 16 -51 -50 -47 -38 -53 -52 -55 -49 -49 -45 -41 -43 -44 -43 -44 -40 0 -39 -60 -55
17:35:39 N 17 -57 -58 -59 -54 -52 -53 -53 -47 -50 -42 -47 -41 -48 -42 -45 -48 -39 0 -68 -52
17:35:39 N 18 -62 -60 -49 -53 -55 -50 -56 -59 -53 -46 -54 -41 -56 -39 -53 -71 -59 -68 0 -43
17:35:39 N 19 -57 -57 -48 -44 -51 -51 -55 -63 -49 -45 -52 -46 -52 -40 -59 -52 -55 -53 -42 0
17:35:39 N 0 0 -58 -51 -52 -77 -59 -39 -50 -45 -49 -43 -63 -52 -53 -45 -42 -51 -58 -62 -56
17:35:39 N 2 -50 0 0 -53 -50 -55 -44 -44 -49 -40 -59 -55 -67 -47 -54 -59 -46 -57 -48 -45
17:35:39 N 3 -53 0 -56 0 -48 -73 -53 -42 -51 -42 -62 -46 -52 -46 -54 -47 -39 -56 -54 -44
17:35:39 N 4 -78 0 -51 -48 0 -49 -59 -37 -53 -45 -52 -48 -58 -53 -49 -47 -52 -53 -55 -52
17:35:39 N 5 -58 0 -56 -72 -48 0 -55 -42 -62 -48 -60 -50 -47 -69 -52 -71 -51 -53 -50 -51
17:35:39 N 6 -38 -56 -45 -51 -57 -55 0 -45 -37 -45 -62 -65 -50 -52 -63 -49 -54 -52 -54 -54
17:35:39 N 7 -50 -51 -45 -42 -36 -42 -46 0 -50 -57 -48 -47 -51 -54 -57 -55 -48 -47 -58 -63
17:35:39 N 8 -46 -61 -51 -50 -55 -66 -38 -52 0 -57 -39 -60 -46 -58 -49 -44 -50 -51 -55 -49
17:35:39 N 9 -49 -57 -40 -41 -44 -48 -45 -57 -54 0 -51 -63 -57 -51 -60 -53 -45 -42 -45 -45
17:35:39 N 10 -42 -60 -57 -60 -52 -60 -55 -47 -39 -51 0 -54 -42 -54 -50 -45 -41 -47 -54 -52
17:35:39 N 11 -61 -51 -56 -45 -48 -50 -68 -48 -59 -63 -52 0 -46 -44 -62 -47 -43 -42 -40 -46
17:35:39 N 12 -53 -63 -71 -51 -60 -47 -51 -50 -44 -58 -41 -45 0 -47 -42 -42 -44 -48 -57 -51
17:35:39 N 13 -52 -53 -47 -44 -51 -68 -52 -54 -56 -50 -55 -43 -46 0 -53 -51 -42 -42 -37 -39
17:35:39 N 14 -45 -64 -55 -53 -49 -52 -64 -60 -49 -60 -48 -59 -42 -55 0 -39 -44 -46 -52 -58
17:35:39 N 15 -42 -63 -59 -45 -45 -67 -50 -54 -42 -51 -44 -45 -40 -51 -37 0 -38 -48 -69 -51
17:35:39 N 16 -51 -50 -47 -38 -52 -52 -54 -49 -49 -46 -42 -44 -44 -44 -44 -40 0 -39 -60 -56
17:35:39 N 17 -57 -58 -57 -54 -52 -53 -52 -47 -50 -42 -47 -42 -49 -42 -45 -49 -39 0 -67 -52
17:35:39 N 18 -62 -60 -50 -53 -56 -50 -55 -59 -54 -46 -54 -41 -55 -39 -53 -70 -60 -68 0 -42
17:35:39 N 19 -57 -57 -48 -43 -51 -51 -56 -63 -48 -45 -51 -47 -50 -41 -60 -52 -55 -53 -42 0
17:35:39 N 0 0 -58 -51 -52 -82 -59 -38 -51 -45 -49 -43 -60 -55 -53 -45 -42 -50 -56 -62 -57
17:35:40 N 2 -50 0 0 -54 -50 -56 -44 -44 -50 -40 -61 -55 -76 -47 -54 -58 -46 -58 -48 -46
17:35:40 N 3 -54 0 -55 0 -48 -74 -53 -42 -50 -42 -59 -46 -53 -46 -54 -47 -39 -56 -54 -44
17:35:40 N 4 -76 0 -51 -48 0 -49 -58 -37 -54 -45 -52 -48 -59 -53 -48 -47 -53 -52 -56 -51
17:35:40 N 5 -60 0 -58 -77 -48 0 -55 -42 -66 -48 -64 -49 -47 -68 -52 -71 -52 -53 -50 -51
17:35:40 N 6 -38 -56 -45 -51 -57 -55 0 -45 -37 -45 -55 -70 -52 -52 -60 -49 -55 -52 -55 -55
17:35:40 N 7 -50 -51 -45 -41 -36 -42 -46 0 -51 -57 -47 -47 -51 -54 -60 -57 -48 -46 -59 -63
17:35:40 N 8 -46 -61 -50 -50 -54 -61 -39 -52 0 -55 -40 -60 -46 -57 -49 -43 -49 -49 -54 -49
17:35:40 N 9 -50 -57 -40 -41 -44 -48 -45 -56 -57 0 -50 -63 -56 -51 -59 -52 -45 -42 -45 -45
17:35:40 N 10 -44 -60 -57 -60 -51 -61 -62 -46 -38 -52 0 -52 -40 -54 -48 -45 -41 -47 -54 -52
17:35:40 N 11 -63 -51 -56 -45 -48 -49 -65 -48 -61 -62 -51 0 -45 -44 -58 -46 -43 -42 -40 -47
17:35:40 N 12 -58 -63 -65 -50 -55 -46 -50 -52 -45 -55 -41 -47 0 -47 -41 -40 -42 -49 -56 -52
17:35:40 N 13 -53 -53 -46 -45 -52 -66 -52 -53 -57 -50 -54 -42 -49 0 -53 -51 -42 -42 -37 -39
17:35:40 N 14 -46 -64 -55 -54 -49 -52 -63 -62 -48 -60 -49 -59 -41 -55 0 -39 -46 -46 -52 -61
17:35:40 N 15 -41 -63 -57 -45 -45 -69 -48 -54 -43 -52 -43 -45 -39 -51 -37 0 -39 -49 -69 -50
17:35:40 N 16 -52 -50 -47 -38 -53 -52 -55 -50 -47 -45 -42 -43 -43 -43 -44 -39 0 -39 -59 -55
17:35:40 N 17 -56 -58 -58 -54 -52 -53 -52 -46 -49 -42 -46 -42 -48 -42 -45 -49 -39 0 -67 -53
17:35:40 N 18 -62 -60 -50 -54 -55 -51 -56 -59 -54 -47 -54 -41 -56 -39 -53 -68 -60 -66 0 -42
17:35:40 N 19 -57 -57 -47 -43 -51 -51 -56 -64 -49 -45 -52 -47 -53 -41 -59 -53 -57 -53 -42 0
17:35:40 N 0 0 -58 -51 -52 -79 -60 -39 -52 -47 -49 -42 -63 -62 -52 -43 -42 -51 -57 -60 -56
17:35:40 N 2 -50 0 0 -53 -50 -57 -44 -44 -48 -40 -56 -54 -59 -47 -54 -57 -46 -57 -47 -47
17:35:40 N 3 -54 0 -55 0 -48 -78 -53 -42 -50 -42 -58 -46 -52 -46 -53 -47 -39 -56 -54 -44
17:35:40 N 4 -68 0 -51 -48 0 -49 -60 -37 -54 -45 -51 -49 -55 -53 -49 -47 -53 -53 -55 -51
17:35:40 N 5 -59 0 -58 -75 -48 0 -56 -42 -60 -47 -58 -50 -46 -69 -51 -70 -51 -53 -50 -51
17:35:40 N 6 -38 -56 -45 -50 -57 -55 0 -45 -37 -45 -61 -64 -50 -52 -72 -50 -55 -51 -54 -54
17:35:40 N 7 -50 -51 -45 -42 -36 -42 -45 0 -51 -56 -47 -48 -53 -54 -59 -54 -48 -46 -58 -63
17:35:40 N 8 -47 -61 -52 -49 -53 -62 -39 -50 0 -57 -40 -60 -46 -59 -50 -45 -48 -49 -52 -49
17:35:40 N 9 -49 -57 -40 -41 -44 -48 -45 -57 -57 0 -51 -63 -56 -51 -62 -51 -45 -41 -45 -45
17:35:40 N 10 -43 -60 -56 -59 -49 -66 -61 -48 -39 -50 0 -50 -42 -57 -51 -46 -42 -45 -54 -50
17:35:41 N 11 -62 -51 -56 -45 -48 -50 -65 -47 -61 -62 -53 0 -47 -44 -58 -47 -43 -42 -40 -46
17:35:41 N 12 -53 -63 -61 -51 -56 -46 -51 -53 -44 -55 -42 -46 0 -49 -41 -40 -42 -48 -55 -53
17:35:41 N 13 -51 -53 -46 -45 -52 -67 -52 -52 -58 -51 -53 -43 -47 0 -54 -50 -42 -41 -37 -39
17:35:41 N 14 -46 -64 -57 -52 -49 -53 -70 -61 -49 -61 -51 -59 -43 -55 0 -38 -45 -46 -53 -58
17:35:41 N 15 -42 -63 -62 -45 -45 -75 -48 -53 -43 -51 -42 -45 -39 -52 -36 0 -39 -49 -66 -51
17:35:41 N 16 -51 -50 -47 -38 -54 -52 -57 -49 -48 -46 -44 -43 -44 -43 -45 -39 0 -39 -60 -55
17:35:41 N 17 -55 -58 -59 -54 -51 -52 -52 -46 -49 -41 -45 -42 -48 -42 -44 -49 -39 0 -66 -52
17:35:41 N 18 -61 -60 -49 -54 -54 -50 -55 -58 -53 -46 -53 -41 -58 -39 -54 -68 -60 -64 0 -42
17:35:41 N 19 -56 -57 -47 -43 -50 -52 -54 -64 -49 -45 -50 -46 -51 -40 -59 -52 -54 -54 -42 0
17:35:41 N 0 0 -58 -52 -54 -67 -58 -39 -50 -46 -49 -43 -64 -55 -52 -44 -42 -51 -56 -60 -54
17:35:41 N 2 -50 0 0 -53 -49 -56 -44 -45 -50 -40 -56 -55 -66 -47 -55 -59 -46 -57 -48 -46
17:35:41 N 3 -54 0 -55 0 -48 -72 -51 -42 -49 -42 -59 -46 -51 -45 -54 -47 -39 -57 -54 -44
17:35:41 N 4 -71 0 -51 -48 0 -49 -58 -36 -54 -45 -49 -49 -56 -53 -49 -46 -53 -53 -56 -51
17:35:41 N 5 -57 0 -56 -76 -48 0 -56 -42 -62 -48 -63 -49 -46 -68 -51 -77 -52 -53 -50 -51
17:35:41 N 6 -38 -56 -45 -50 -58 -54 0 -45 -37 -44 -63 -65 -51 -53 -73 -48 -54 -51 -55 -54
17:35:41 N 7 -50 -51 -45 -42 -36 -42 -45 0 -49 -57 -48 -47 -51 -54 -60 -52 -50 -46 -58 -63
17:35:41 N 8 -47 -61 -53 -49 -53 -65 -38 -51 0 -57 -40 -62 -44 -60 -49 -44 -47 -49 -54 -50
17:35:41 N 9 -49 -57 -41 -42 -44 -48 -45 -56 -56 0 -50 -62 -56 -51 -59 -52 -45 -42 -46 -45
17:35:41 N 10 -45 -60 -57 -58 -51 -60 -60 -48 -39 -51 0 -53 -43 -55 -49 -45 -43 -47 -54 -52
17:35:41 N 11 -62 -51 -55 -45 -48 -50 -69 -48 -59 -62 -51 0 -46 -44 -65 -46 -43 -42 -40 -46
17:35:41 N 12 -58 -63 -66 -50 -55 -47 -53 -50 -45 -55 -43 -47 0 -49 -40 -39 -42 -47 -55 -51
17:35:41 N 13 -51 -53 -46 -45 -51 -68 -52 -52 -59 -50 -53 -42 -47 0 -55 -51 -42 -42 -37 -39
17:35:41 N 14 -44 -64 -57 -54 -49 -51 -67 -60 -50 -61 -49 -60 -42 -55 0 -38 -45 -46 -54 -60
17:35:41 N 15 -41 -63 -59 -45 -45 -75 -48 -53 -43 -51 -43 -45 -40 -51 -36 0 -39 -50 -64 -51
17:35:41 N 16 -51 -50 -47 -38 -52 -52 -55 -49 -48 -46 -44 -44 -43 -44 -44 -39 0 -39 -62 -54
17:35:41 N 17 -54 -58 -57 -54 -52 -52 -51 -46 -48 -42 -45 -42 -47 -42 -45 -48 -39 0 -65 -53
17:35:41 N 18 -60 -60 -50 -54 -56 -51 -56 -59 -53 -47 -54 -41 -59 -39 -54 -69 -59 -65 0 -42
17:35:41 N 19 -56 -57 -48 -44 -51 -51 -55 -63 -48 -45 -51 -47 -51 -40 -61 -52 -56 -54 -42 0
17:35:41 N 0 0 -58 -51 -54 -66 -57 -39 -50 -46 -49 -43 -59 -58 -54 -44 -42 -52 -55 -60 -57
17:35:42 N 2 -50 0 0 -53 -50 -56 -44 -44 -50 -40 -58 -54 -72 -46 -55 -58 -46 -58 -49 -45
17:35:42 N 3 -54 0 -55 0 -48 -77 -51 -42 -50 -42 -57 -46 -52 -46 -53 -46 -39 -56 -54 -44
17:35:42 N 4 -71 0 -51 -47 0 -49 -59 -37 -54 -44 -49 -48 -56 -53 -48 -47 -53 -52 -54 -51
17:35:42 N 5 -58 0 -57 -81 -153 0 -54 -42 -65 -47 -63 -50 -47 -67 -51 -74 -51 -53 -50 -51
17:35:42 N 6 -38 -56 -45 -50 -59 -55 0 -45 -37 -45 -61 -70 -55 -52 -64 -48 -54 -50 -54 -53
17:35:42 N 7 -50 -51 -45 -41 -36 -42 -45 0 -50 -56 -46 -47 -50 -53 -57 -53 -49 -46 -58 -64
17:35:42 N 8 -46 -61 -52 -50 -54 -63 -39 -51 0 -55 -39 -60 -46 -60 -51 -44 -49 -50 -53 -49
17:35:42 N 9 -49 -57 -40 -41 -44 -48 -45 -57 -58 0 -51 -62 -54 -51 -58 -52 -45 -41 -45 -45
17:35:42 N 10 -44 -60 -59 -59 -51 -62 -64 -47 -39 -50 0 -52 -42 -56 -49 -44 -43 -45 -53 -50
17:35:42 N 11 -61 -51 -56 -45 -48 -50 -66 -47 -61 -63 -54 0 -48 -44 -58 -46 -44 -42 -40 -46
17:35:42 N 12 -58 -63 -68 -49 -57 -47 -53 -52 -45 -51 -43 -47 0 -48 -42 -41 -42 -47 -58 -50
17:35:42 N 13 -51 -53 -46 -44 -51 -69 -51 -52 -56 -50 -52 -42 -48 0 -53 -50 -43 -42 -37 -39
17:35:42 N 14 -44 -64 -55 -52 -49 -52 -69 -61 -51 -60 -50 -61 -41 -55 0 -38 -45 -46 -54 -59
17:35:42 N 15 -41 -63 -58 -45 -45 -68 -48 -53 -43 -52 -44 -45 -40 -50 -36 0 -38 -48 -67 -51
17:35:42 N 16 -53 -50 -47 -38 -53 -51 -58 -50 -49 -46 -42 -44 -43 -44 -44 -39 0 -39 -60 -56
17:35:42 N 17 -56 -58 -58 -55 -51 -52 -50 -46 -48 -42 -46 -42 -47 -42 -45 -49 -39 0 -64 -53
17:35:42 N 18 -62 -60 -50 -54 -55 -51 -56 -59 -53 -47 -54 -41 -57 -39 -53 -70 -60 -66 0 -42
17:35:42 N 19 -58 -57 -47 -44 -51 -52 -55 -63 -50 -45 -49 -46 -49 -40 -59 -51 -55 -53 -43 0
17:35:42 N 0 0 -58 -51 -53 -67 -57 -39 -50 -45 -49 -44 -59 -62 -53 -44 -42 -50 -56 -62 -55
17:35:42 N 2 -51 0 0 -54 -50 -56 -44 -45 -50 -40 -59 -54 -74 -47 -54 -59 -47 -56 -48 -46
17:35:42 N 3 -54 0 -55 0 -48 -77 -51 -42 -50 -42 -59 -46 -51 -46 -54 -46 -39 -56 -54 -44
17:35:42 N 4 -71 0 -51 -48 0 -48 -59 -37 -55 -45 -51 -48 -54 -53 -48 -47 -54 -53 -55 -51
17:35:42 N 5 -59 0 -58 -72 -48 0 -55 -42 -63 -48 -65 -50 -47 -68 -51 -70 -51 -53 -50 -51
17:35:42 N 6 -38 -56 -45 -51 -57 -55 0 -45 -38 -45 -62 -68 -50 -51 -72 -48 -57 -50 -55 -57
17:35:42 N 7 -50 -51 -45 -41 -36 -42 -45 0 -51 -56 -48 -47 -51 -54 -61 -54 -49 -46 -58 -63
17:35:42 N 8 -48 -61 -52 -50 -54 -62 -39 -51 0 -58 -40 -61 -45 -57 -52 -45 -48 -49 -53 -49
17:35:42 N 9 -49 -57 -40 -41 -44 -48 -45 -57 -56 0 -50 -63 -52 -50 -59 -54 -45 -42 -46 -44
17:35:42 N 10 -43 -60 -61 -57 -51 -63 -59 -46 -39 -50 0 -53 -43 -54 -48 -44 -42 -45 -54 -50
17:35:43 N 11 -62 -51 -55 -45 -48 -50 -68 -47 -61 -62 -51 0 -48 -45 -59 -47 -43 -42 -40 -46
17:35:43 N 12 -55 -63 -69 -50 -54 -47 -54 -51 -43 -53 -43 -47 0 -50 -41 -41 -42 -48 -58 -49
17:35:43 N 13 -53 -53 -47 -45 -51 -70 -52 -53 -58 -51 -54 -42 -49 0 -54 -50 -42 -42 -37 -39
17:35:43 N 14 -45 -64 -55 -53 -49 -52 -61 -60 -51 -61 -48 -59 -41 -55 0 -37 -44 -46 -52 -59
17:35:43 N 15 -41 -63 -57 -45 -45 -71 -48 -53 -43 -52 -45 -45 -39 -50 -36 0 -38 -48 -70 -50
17:35:43 N 16 -51 -50 -47 -38 -53 -51 -58 -49 -50 -46 -42 -43 -43 -44 -44 -39 0 -39 -59 -54
17:35:43 N 17 -56 -58 -58 -54 -52 -53 -52 -46 -48 -42 -47 -42 -49 -42 -45 -49 -39 0 -66 -53
17:35:43 N 18 -61 -60 -49 -54 -55 -50 -55 -59 -54 -46 -54 -41 -58 -39 -52 -67 -60 -66 0 -43
17:35:43 N 19 -55 -57 -47 -43 -51 -51 -59 -63 -50 -45 -50 -47 -50 -41 -59 -52 -55 -53 -42 0
17:35:43 N 0 0 -58 -52 -54 -69 -57 -39 -50 -45 -49 -43 -60 -53 -52 -45 -41 -50 -54 -63 -57
17:35:43 N 2 -50 0 0 -53 -49 -56 -44 -44 -50 -40 -60 -54 -65 -47 -54 -57 -46 -57 -48 -46
17:35:43 N 3 -54 0 -54 0 -48 -72 -52 -42 -51 -42 -56 -46 -51 -46 -53 -47 -39 -55 -54 -44
17:35:43 N 4 -69 0 -51 -48 0 -49 -59 -37 -54 -45 -51 -48 -54 -53 -50 -47 -53 -53 -55 -51
17:35:43 N 5 -58 0 -57 -72 -48 0 -55 -42 -60 -48 -61 -49 -46 -72 -51 -72 -51 -53 -50 -51
17:35:43 N 6 -39 -56 -45 -50 -57 -54 0 -45 -38 -45 -56 -65 -52 -53 -60 -48 -55 -50 -55 -55
17:35:43 N 7 -50 -51 -45 -42 -36 -42 -45 0 -50 -57 -46 -47 -51 -54 -60 -54 -48 -46 -57 -63
17:35:43 N 8 -45 -61 -52 -51 -53 -62 -38 -52 0 -57 -40 -61 -43 -60 -50 -44 -50 -51 -54 -49
17:35:43 N 9 -48 -57 -40 -42 -44 -48 -45 -56 -55 0 -49 -61 -53 -51 -62 -52 -45 -42 -45 -45
17:35:43 N 10 -43 -60 -61 -56 -51 -60 -57 -47 -39 -50 0 -51 -43 -55 -48 -45 -42 -46 -54 -51
17:35:43 N 11 -61 -51 -56 -45 -48 -50 -64 -48 -60 -62 -52 0 -47 -44 -58 -47 -43 -42 -40 -47
17:35:43 N 12 -52 -63 -64 -51 -55 -47 -52 -51 -44 -55 -42 -45 0 -50 -40 -40 -42 -49 -57 -51
17:35:43 N 13 -51 -53 -47 -45 -52 -69 -53 -53 -56 -51 -54 -43 -47 0 -54 -51 -42 -42 -37 -39
17:35:43 N 14 -46 -64 -55 -53 -50 -52 -60 -60 -49 -62 -49 -60 -42 -55 0 -38 -45 -46 -53 -61
17:35:43 N 15 -41 -63 -57 -45 -45 -75 -48 -53 -42 -51 -45 -45 -40 -51 -36 0 -38 -48 -65 -50
17:35:43 N 16 -50 -50 -47 -38 -52 -52 -55 -49 -49 -46 -42 -44 -42 -44 -44 -40 0 -39 -61 -56
